3
1000 284 426
-0.00664224 -0.07233680000000001 -0.020592 
0.0405485 -0.0122366 -0.0329061 
0.0351199 -0.0396766 -0.0364268 
0.0268821 -0.199919 0.00850711 
0.017493 -0.182814 -0.031593 
0.00685159 0.0453352 -0.0174884 
0.0326165 -0.163881 0.000498059 
-0.0444464 0.00095513 -0.016375 
0.0225307 -0.181487 -0.0328733 
0.0316147 -0.133723 -0.0150133 
0.0117046 -0.18238 -0.0347388 
-0.00224175 -0.178316 -0.03702 
0.00913216 -0.0432781 -0.0175789 
0.0410284 0.0115634 -0.0295496 
-0.0108591 -0.186757 -0.0371003 
-0.00997403 -0.195 0.0260347 
-0.0199886 -0.115059 -0.00766611 
0.00541692 -0.181695 0.0262943 
0.0206628 -0.220277 0.0204802 
-0.0320678 -0.179209 0.00131505 
0.0148504 -0.205925 -0.0127044 
0.00219859 -0.211735 0.0275089 
-0.0189582 -0.140489 0.008768369999999999 
0.008471960000000001 -0.00595221 -0.002375 
0.0204684 0.0146228 -0.0522863 
-0.0136501 -0.0447672 -0.05113 
0.0246689 -0.186946 0.0159541 
0.0388792 0.0243367 -0.0201338 
-0.0336655 -0.011425 -0.002375 
-0.018657 -0.131121 0.00334242 
0.01424 -0.0656518 -0.0489216 
0.0326843 -0.170171 -0.0109848 
-0.0222003 -0.135001 0.000234094 
-0.0317348 -0.162744 0.00277202 
-0.0245171 -0.138417 0.00232235 
-0.0164205 -0.0429059 -0.0262989 
0.018536 -0.0351408 -0.0306113 
-0.0285022 -0.030822 -0.0487899 
-0.0311792 -0.0826205 -0.035758 
0.00855794 -0.204493 -0.0403097 
-0.0235194 -0.0847595 -0.0244904 
0.000640777 -0.19506 -0.0370889 
0.0289904 -0.033003 -0.0109467 
-0.0257108 -0.184411 0.013417 
0.00917452 -0.009624209999999999 -0.002375 
0.0264099 -0.126291 -0.0105379 
0.000649671 -0.07088899999999999 -0.0220214 
-0.0186217 0.0352488 -0.00635939 
0.00722311 0.0392093 -0.00920958 
-0.0197721 0.0269165 -0.0500095 
-0.00681143 -0.0304501 -0.0528765 
0.00072851 -0.0211856 -0.0553158 
0.0206897 -0.0341824 -0.0078048 
0.0120897 -0.154634 0.020039 
-0.0343162 0.0200079 -0.0442805 
-0.0289578 -0.202901 0.0112526 
0.00709855 -0.0197037 -0.002375 
-0.000239363 0.0398634 -0.0255804 
0.0441291 0.0055155 -0.0342727 
-0.0441096 -0.00128771 -0.0346654 
0.0193801 -0.186248 0.0207212 
-0.0238405 0.00752907 -0.0520339 
-0.0307951 -0.19571 -0.0188418 
0.0341385 -0.173087 -0.0117402 
0.00630547 -0.117997 -0.00114226 
-0.00814902 0.0408001 -0.032354 
0.03069 -0.199624 -0.00728921 
-0.0063092 -0.133393 0.008664109999999999 
-0.0204944 -0.0437999 -0.0516198 
-0.0165955 0.0363453 -0.0261919 
-0.0171174 -0.204328 0.0191354 
-0.0241037 -0.0363476 -0.051458 
-0.0319795 -0.00290226 -0.0494379 
0.0395746 -0.00509151 -0.0273089 
0.000156537 -0.0589041 -0.024084 
-0.0305826 -0.185462 -0.008395430000000001 
0.0301718 -0.0602776 -0.0450318 
0.0273183 -0.0344181 -0.008516309999999999 
-0.0314175 0.0290818 -0.0292863 
0.00769826 -0.1975 0.0250727 
-0.0234033 -0.048731 -0.048488 
0.0233968 -0.07471460000000001 -0.0468597 
-0.026605 0.0270139 -0.002375 
-0.0345507 -0.050663 -0.0397158 
-0.0247762 0.0367476 -0.0251543 
0.00447059 -0.00201306 -0.002375 
-0.0238592 -0.0767142 -0.0463936 
-0.0321875 -0.180254 0.00106287 
-0.037286 0.008063310000000001 -0.047127 
0.0306869 0.0307021 -0.0353603 
0.0256732 0.0149132 -0.0508948 
0.00269964 -0.187383 -0.0369932 
0.0345559 -0.0504181 -0.0399455 
0.0122344 0.0159506 -0.002375 
0.00279049 0.0112174 -0.032475 
0.026128 -0.0800362 -0.042619 
-0.0196891 -0.0346712 -0.0238928 
-0.000970168 -0.00079408 -0.0543137 
0.043848 0.00310778 -0.00546473 
0.0211416 -0.0338851 -0.00878492 
0.0201806 -0.194 0.0220278 
-0.016387 -0.2054 0.0196014 
0.00784577 -0.147057 -0.0402871 
-0.000795521 -0.104852 -0.00817319 
-0.0273479 0.0151399 -0.0503155 
0.0122313 -0.0317467 -0.032475 
0.0339344 -0.215653 -0.00716621 
0.0137735 -0.202654 0.0238571 
-0.012336 -0.195 -0.0379746 
0.0112507 -0.0976086 -0.0474814 
-0.0354703 0.0265974 -0.018704 
0.0030531 -0.148636 0.0195331 
0.0343898 -0.0409397 -0.0417162 
0.0300701 -0.202683 -0.0125857 
-0.0377935 0.00983437 -0.0312899 
0.00540996 -0.0353532 -0.002375 
-0.0364882 -0.0248225 -0.0462709 
-0.00952368 -0.205925 -0.0209222 
-0.0113768 -0.0469204 -0.0259852 
-0.000798136 -0.106962 -0.00697611 
0.0385055 0.0214161 -0.027287 
-0.0331115 -0.196258 -0.00431757 
-0.000359325 0.00491613 -0.0558517 
-0.013952 0.008916250000000001 -0.055155 
-0.0337501 0.0279568 -0.016375 
0.013363 0.0366393 -0.0490612 
-0.027805 -0.205436 0.00678915 
-0.0324925 -0.012906 -0.0487643 
0.0303302 -0.189659 -0.00134765 
0.031309 0.0248473 -0.0111496 
0.0367862 -0.0153736 -0.0284109 
-0.0176654 -0.153932 0.016835 
0.0285339 -0.0332819 -0.00349684 
0.0388458 -0.021194 -0.0297765 
-0.0103028 -0.161585 0.0213737 
0.0144642 -0.177486 0.020642 
-0.0151595 -0.184702 -0.0358146 
-0.0127677 0.042425 -0.022878 
-0.0283289 -0.213177 0.0140373 
-0.0437391 0.00709283 -0.0221403 
0.0188064 -0.193966 0.0231424 
0.0242618 -0.205925 -0.0138539 
-0.00737386 -0.0391841 -0.025563 
-0.0116747 -0.144942 0.0137449 
0.0202089 -0.0411871 -0.0238524 
0.0172534 -0.155065 -0.0376643 
0.0196254 -0.100167 -0.0153032 
-0.000940892 -0.167775 0.0265479 
0.0362925 0.0248242 -0.0134075 
0.0301292 -0.206763 0.0112817 
-0.00167215 -0.218723 0.0275089 
0.042632 0.0107523 -0.00514464 
0.021161 -0.0373398 -0.0217166 
0.0205369 -0.07827149999999999 -0.0259512 
-0.036139 -0.0280517 -0.0208126 
-0.0159169 -0.0414017 -0.0184373 
-0.039843 -0.00202265 -0.0184957 
0.0309026 -0.194 -0.0216705 
-0.020083 -0.0649657 -0.0492353 
0.000347338 0.0342524 -0.032475 
0.0241486 0.0317604 -0.028519 
0.0199309 -0.0924876 -0.0211919 
0.0387337 0.0216348 -0.0178794 
-0.0398009 -0.00250486 -0.0292278 
-0.0267866 0.0347885 -0.0317456 
-0.0277526 -0.160791 0.00663189 
-0.0111122 -0.0432671 -0.0218667 
-0.00913105 -0.135896 0.00933412 
-0.0290449 -0.110827 -0.034651 
0.0174134 -0.06990970000000001 -0.0242132 
0.0150324 -0.185527 0.020437 
-0.0137137 -0.196 0.0224065 
0.0252761 -0.1967 0.0109661 
0.0305728 -0.184529 -0.00851357 
0.0156147 -0.0185873 -0.0531042 
-0.0140946 -0.195612 -0.0336243 
0.0179352 0.0389769 -0.0246779 
-0.0308782 0.0277921 -0.0453553 
-0.0274131 -0.110023 -0.0342376 
0.0207522 -0.0407612 -0.0169985 
-0.0348823 -0.18922 -0.00779593 
-0.0425514 0.0108704 -0.0101268 
0.00484142 -0.0389479 -0.00372297 
-0.013715 -0.173925 0.0112737 
-0.009720660000000001 0.0387925 -0.0216469 
0.0290553 0.0258216 -0.0461401 
0.0145676 -0.131149 -0.0416357 
0.0327291 -0.195 -0.0157146 
0.0377039 0.0155106 -0.0419652 
-0.00982828 -0.201079 0.0260759 
-0.00125428 -0.189845 0.0262401 
0.00665371 -0.214211 0.0268671 
0.0138024 -0.155038 -0.0393623 
-0.033462 -0.15339 -0.0113353 
-0.00388424 0.0178751 -0.002375 
-0.0330636 -0.20491 0.00108771 
0.0188031 -0.179907 -0.0357629 
0.0413635 0.0199621 -0.0166898 
-0.0337037 0.0213734 -0.00994895 
0.0360543 -0.0175355 -0.0478317 
0.00250527 -0.0438482 -0.00992235 
-0.0268841 -0.200136 -0.0257071 
0.043891 0.00627952 -0.0207694 
-0.0327969 -0.170674 -0.00667211 
0.032046 -0.161333 -0.014079 
-0.0107444 -0.187214 -0.0395494 
-0.0245471 -0.210887 -0.0312104 
0.0304204 -0.12967 -0.0129442 
-0.00947605 -0.06579930000000001 -0.0512483 
0.0259979 -0.150832 -0.0286324 
-0.0139649 -0.047398 -0.0508198 
-0.0226884 0.0398072 -0.0190222 
-0.0317311 0.0254669 -0.0461085 
0.0388962 0.00878843 -0.00920588 
-0.00900137 -0.0388622 -0.00446482 
-0.0282918 -0.100395 -0.0277977 
-0.00551247 -0.205925 -0.0247641 
-0.00283632 -0.0248308 -0.0550322 
0.0134193 -0.150653 0.0176826 
0.0285121 -0.0478939 -0.0330879 
-0.0110112 -0.214476 -0.0384198 
-0.0238665 0.0346628 -0.002375 
-0.0250432 -0.06279079999999999 -0.0291856 
0.0154517 -0.0873057 -0.0478068 
0.0101582 -0.0421139 -0.016375 
-0.0335877 -0.0361479 -0.0333461 
-0.0134135 -0.186092 0.0212107 
0.0254991 0.0306682 -0.0112287 
0.00445019 -0.0961072 -0.0111707 
-0.0353764 -0.0308333 -0.0436133 
-0.0234052 -0.0113135 -0.002375 
0.0335408 -0.205144 -0.000833619 
0.0176934 0.00527397 -0.053385 
-0.0300859 -0.192894 -0.0125268 
0.0123824 -0.0513404 -0.0522814 
-0.0252628 0.0309803 -0.0153963 
0.035677 -0.0271051 -0.0277248 
-0.00218866 0.0440481 -0.0334179 
0.00551356 -0.185566 -0.0366319 
0.0304438 0.0257871 -0.0288161 
-0.0160461 -0.173925 -0.0252078 
-0.0333069 -0.157633 -0.00601979 
0.008629360000000001 -0.220272 -0.0402912 
-0.0264907 0.0362727 -0.0362272 
0.011255 -0.211788 -0.0393898 
-0.0243258 -0.202149 0.0172293 
0.0303591 -0.189759 -0.0110717 
0.00697897 -0.178625 0.0274852 
0.0371152 0.0242565 -0.0377555 
0.0101849 0.0414073 -0.0296698 
-0.0312249 -0.170777 0.00209364 
0.0175973 0.0415091 -0.0385555 
0.0274276 0.0364911 -0.0273635 
-0.00201657 -0.0987542 -0.0485532 
-0.018335 -0.20375 -0.030957 
0.0112324 -0.203575 0.0221695 
0.0422968 -0.0144869 -0.015375 
0.00660369 -0.185216 -0.0406594 
0.000341844 -0.197189 -0.0395759 
-0.00786209 -0.100554 -0.0478074 
0.0115404 0.0442379 -0.0163891 
0.00209741 -0.153911 0.0219953 
0.00427821 -0.173925 -0.0328248 
0.00401141 -0.124343 0.00331167 
-0.0316952 -0.203143 -0.0184694 
0.00310095 0.0346466 -0.0513522 
0.0297439 -0.200582 -0.013753 
0.0316504 -0.0750894 -0.0381227 
-0.0314995 -0.060235 -0.0350087 
-0.00492314 -0.0843766 -0.0499148 
-0.016047 -0.156139 -0.0382154 
-0.0292998 -0.16676 -0.0223307 
0.0212086 -0.1764 0.0184631 
-0.00152234 -0.0398868 -0.0178305 
0.0278986 -0.209795 0.0128739 
-0.0287717 -0.189468 -0.0217656 
0.0187811 -0.204373 -0.0305905 
-0.0269356 -0.157221 0.00654632 
0.0320062 0.0306628 -0.0229524 
0.0305993 -0.175193 -0.0228087 
-0.00470221 -0.0118594 -0.0540682 
0.007886860000000001 -0.159474 -0.0392679 
0.0311709 0.0131986 -0.0504443 
0.0377766 -0.0231029 -0.0180348 
-0.0015279 0.0180728 -0.032475 
-0.0299514 -0.205283 0.007889800000000001 
-0.024892 -0.125796 -0.0339026 
0.0249398 -0.0138748 -0.0516539 
0.0320674 -0.211167 0.00735175 
-0.0329786 -0.147103 -0.0138012 
-0.0285757 -0.195096 -0.0176253 
0.0221941 -0.132015 -0.0372439 
-0.039386 0.0101292 -0.0444178 
0.0219738 -0.188749 0.0150021 
0.0157105 0.03992 -0.0223941 
0.0119191 -0.104523 -0.0448232 
0.0346385 -0.025947 -0.0273578 
0.0368821 0.015155 -0.0256787 
0.00112178 -0.112206 -0.00386408 
0.0433495 -0.00717891 -0.0118779 
0.0300514 -0.118376 -0.0196263 
0.0250041 -0.205539 -0.030714 
0.0128782 0.0438823 -0.0180574 
0.039121 -0.0232883 -0.0382317 
-0.0297934 -0.15272 -0.0256531 
-0.0182323 -0.195 -0.034136 
-0.020057 -0.09427580000000001 -0.0184751 
0.00316178 -0.191696 -0.0395521 
0.0178721 0.0289502 -0.0514888 
0.00144337 -0.0274375 -0.0532423 
0.000332053 -0.173925 -0.027108 
0.0311534 -0.164165 0.0049652 
0.032074 -0.158015 -0.000399644 
-0.0409269 -0.0129855 -0.0207088 
0.000368729 -0.106174 -0.00741055 
-0.0319204 0.0283611 -0.002375 
-0.0363515 -0.0243121 -0.0350674 
0.00806256 -0.173925 0.0176503 
-0.0178447 0.00477197 -0.032475 
-0.0239908 -0.0171389 -0.0533817 
-0.0142593 0.0415121 -0.00612398 
0.0069586 -0.185638 -0.0362825 
-0.0286704 -0.0277136 -0.0278502 
0.0184218 -0.0353989 -0.0115646 
0.0240288 -0.175633 0.0127697 
-0.0192275 0.0390175 -0.0436329 
-0.0279291 -0.117198 -0.0317251 
-0.0150235 -0.182963 0.0249465 
0.016493 -0.139797 -0.0396513 
0.0137419 0.00341067 -0.032475 
0.00412731 -0.184955 0.0240339 
-0.031303 -0.193872 0.00294477 
0.0281277 -0.0135721 -0.0523642 
-0.00649511 -0.0982116 -0.0465984 
-0.0369007 -0.0365216 -0.0407984 
0.0379353 0.0220475 -0.0387644 
-0.0378048 -0.0129476 -0.0182679 
0.008187069999999999 -0.0780469 -0.019309 
0.0134008 -0.195 0.0243457 
-0.0297984 -0.113055 -0.0326607 
-0.0224312 -0.175036 -0.0272552 
-0.0338999 0.0268637 -0.0353614 
0.0396489 -0.00423743 -0.00442799 
0.0429062 0.00147664 -0.0229738 
0.00970011 0.0448798 -0.0189632 
-0.0159989 -0.07385460000000001 -0.0493157 
0.00932994 -0.0387741 -0.0300553 
0.0406781 0.0201375 -0.016375 
-0.0303945 -0.187442 -0.00208268 
-0.0156986 0.0366688 -0.0243364 
-0.0298681 -0.184235 0.000589434 
0.0240219 -0.0318492 -0.0259494 
0.0421645 -0.00923028 -0.0295109 
-0.00796933 -0.06287520000000001 -0.0500406 
0.0311679 -0.158601 0.00267566 
-0.0142557 -0.0436579 -0.017516 
0.0334814 -0.160327 -0.00519593 
0.0061703 -0.161601 -0.041258 
0.000130358 0.0400086 -0.0311316 
-0.0379374 0.0200492 -0.0230671 
-0.00428236 -0.205801 -0.0410232 
0.030081 -0.0544076 -0.0350647 
-0.0216631 -0.193316 0.0179963 
0.0297827 -0.06496200000000001 -0.042163 
-0.0325166 -0.197956 -0.0131222 
0.0306855 -0.188935 -0.0193563 
0.0429742 0.0105782 -0.0236923 
-0.000618094 -0.0452806 -0.016375 
0.00633225 -0.0559655 -0.0232524 
0.0156163 -0.0399295 -0.0202466 
0.00520301 0.0381725 -0.00301519 
0.000374323 -0.0398634 -0.0113965 
0.0317529 -0.0738492 -0.0384 
-0.0282713 0.00953185 -0.002375 
-0.0251308 0.0343352 -0.0301137 
0.0213035 -0.174443 -0.0284803 
0.019961 0.0253703 -0.032475 
-0.00593828 -0.18455 0.0237028 
-0.0162819 -0.07786079999999999 -0.0220356 
0.0306154 -0.194 0.00914366 
0.009577860000000001 -0.160977 -0.0403693 
-0.0299578 -0.175029 0.0100805 
-0.0213131 -0.0941395 -0.04288 
0.0258296 -0.19894 0.0155958 
-0.0294517 -0.0779695 -0.0351721 
0.0138385 -0.0375361 -0.0320575 
0.0193264 -0.0341131 -0.0527814 
-0.00711037 -0.173925 -0.0119019 
-0.0183858 -0.07716190000000001 -0.0249867 
-0.0266119 -0.195363 -0.0261684 
0.000967637 -0.101617 -0.0482717 
-0.0258453 -0.00102626 -0.0535271 
-0.00371313 -0.12761 -0.0431632 
-0.0338537 -0.0219119 -0.0469818 
-0.0296322 0.0289273 -0.033206 
-0.0115185 -0.120751 0.000790747 
-0.01748 -0.00439582 -0.002375 
-0.0163393 0.0249294 -0.002375 
0.00483422 0.043329 -0.0444408 
0.0312996 -0.154274 -5.11623e-05 
-0.00864932 -0.0451072 -0.0187379 
0.017509 -0.192711 -0.0347912 
-0.0389799 -0.008562 -0.0251281 
-0.0393 -0.00719356 -0.00934071 
0.0303407 -0.18203 -0.0113151 
-0.0196162 -0.034842 -0.00857402 
0.0319933 -0.00595179 -0.032475 
0.000926329 -0.06567530000000001 -0.0517796 
0.032428 -0.198731 -0.0135591 
-0.0176245 -0.139397 0.00916174 
0.0279508 -0.0243228 -0.032475 
-0.0335921 -0.160876 -0.0137758 
-0.00143465 0.0287252 -0.0516118 
0.00639572 -0.189933 0.0236455 
-0.0378198 -0.0130174 -0.0274876 
0.0129293 -0.205913 -0.038815 
-0.0302618 -0.00294663 -0.002375 
0.0273944 -0.0604168 -0.0330317 
-0.0107733 -0.158081 -0.0385493 
0.008010939999999999 -0.182893 -0.0359627 
-0.0316208 -0.136999 -0.0231663 
-0.0135612 -0.0461386 -0.0510004 
0.0226275 -0.170915 0.0183373 
-0.013825 -0.173925 -0.0335486 
0.0305775 -0.19455 -0.00857547 
-0.0297574 -0.158482 0.00177169 
0.0291078 -0.215013 0.012845 
-0.0254778 -0.143462 0.00432837 
0.0353519 -0.0311757 -0.0371821 
-0.0235286 -0.052887 -0.0302847 
0.00772828 -0.176233 -0.0361224 
-0.00387177 -0.0058538 -0.0558874 
-0.0331653 -0.157169 -0.00527736 
-0.0320864 0.00743712 -0.0490634 
0.0230578 -0.173925 0.00380068 
0.0203142 -0.0006924430000000001 -0.0546336 
0.0284582 -0.068011 -0.045004 
0.0006775009999999999 -0.0399607 -0.0219184 
-0.0358002 -0.0175612 -0.0276138 
-0.0266649 -0.161859 -0.0268351 
0.0388933 -0.0181838 -0.020399 
-0.0266108 -0.009775000000000001 -0.052991 
-0.00700428 -0.205925 0.00781915 
-0.0241787 -0.112541 -0.0154951 
-0.007873130000000001 -0.0391008 -0.01294 
-0.00248394 -0.156024 -0.0403623 
0.00382758 -0.0453132 -0.0518975 
0.0420283 -0.00730484 -0.0298402 
0.0249899 -0.195093 0.017234 
-0.0135384 -0.147387 -0.0383502 
0.0196368 -0.111526 -0.0117865 
-0.0333778 -0.0194193 -0.0495671 
-0.0306532 -0.19902 -0.00503973 
0.0113984 -0.125908 0.00213118 
0.0420557 0.00818115 -0.017043 
0.0312684 0.022188 -0.00281883 
-0.00133555 -0.157834 0.0218777 
-0.036587 -0.0378451 -0.0398261 
0.0385446 0.0101766 -0.013653 
0.0366856 0.0242253 -0.0138148 
0.0348474 -0.0162549 -0.0468786 
-0.0243051 0.0383188 -0.0340565 
-0.0303952 -0.204661 -0.0106589 
0.0294866 -0.205046 0.0122653 
0.00626173 -0.114105 -0.0446496 
0.0196745 -0.165488 0.0173846 
0.0306999 -0.204614 -0.0190304 
0.0236102 0.00749994 -0.0536687 
-0.0248127 -0.172872 -0.0284411 
-0.0272399 -0.143911 0.00221912 
0.0378422 -0.0128079 -0.0131463 
-0.013942 -0.0139185 -0.0534968 
0.008625509999999999 -0.134245 -0.0415249 
-0.0132848 -0.154192 -0.0379054 
0.0193254 0.0358685 -0.033375 
-0.0146847 0.029634 -0.0502983 
0.0261167 -0.177075 0.00967936 
-0.0310326 -0.117229 -0.0247113 
-0.00349554 -0.0427258 -0.0281256 
-0.00360959 0.0265639 -0.032475 
-0.0176319 -0.173608 -0.0364748 
0.0385256 0.0102518 -0.0226145 
0.0323694 -0.205925 -0.0103382 
0.00756365 -0.103309 -0.0475119 
0.0178416 -0.020371 -0.054353 
0.0324245 -0.0322287 -0.0178082 
0.0249543 -0.204841 -0.0283164 
0.0302736 0.025972 -0.009370099999999999 
-0.00367356 -0.190152 -0.0368236 
-0.0429825 0.008862170000000001 -0.00294754 
0.0366699 0.0197103 -0.002375 
0.0278215 -0.144154 -0.00183744 
0.0349432 0.0231854 -0.0406772 
0.0305754 -0.191345 -0.0196228 
-0.0248241 -0.0386237 -0.0212789 
0.0288621 0.0275053 -0.0276647 
0.0105846 -0.149883 0.0166 
-0.00632546 0.040964 -0.002375 
-0.00591386 -0.195562 -0.0364569 
0.0165502 -0.104223 -0.0450741 
0.00580313 -0.0425165 -0.0221381 
-0.0176723 -0.0347681 -0.0530874 
0.0257728 -0.0693616 -0.0462901 
0.0325365 0.0230825 -0.009376550000000001 
-0.0367329 -0.0240656 -0.00949055 
-0.0148476 -0.190092 0.0205232 
-0.0294911 -0.00218488 -0.032475 
-0.0213096 -0.160762 -0.0344864 
0.0151397 -0.190013 0.020387 
0.0208832 0.0140618 -0.0522481 
0.0241014 -0.159394 0.0137736 
0.0270966 0.00121626 -0.032475 
-0.0136387 -0.186202 -0.0338369 
-0.0127192 -0.13006 0.00621973 
0.0332054 0.0293902 -0.0211196 
-0.0262075 -0.0375902 -0.021674 
-0.0207695 -0.00644648 -0.002375 
-0.0237399 -0.0357781 -0.0218187 
0.0205111 -0.185758 -0.0316819 
0.0338685 -0.021138 -0.0285953 
0.0166755 0.0364641 -0.0461387 
0.0203508 -0.0536802 -0.0505348 
-0.0307924 -0.191847 0.00647081 
0.00523823 -0.103418 -0.0478292 
-0.0194519 -0.0613601 -0.0481756 
-0.0304156 -0.177193 -0.0104109 
0.0375603 -0.0314146 -0.0418845 
-0.0317189 -0.21576 0.00814634 
-0.0304989 -0.181017 -0.00334421 
0.0166053 -0.036246 -0.0311659 
-0.0121409 -0.075554 -0.021105 
-0.0123199 -0.0645297 -0.0493218 
0.0179756 -0.0686104 -0.0477483 
-0.045142 -0.00824801 -0.0206197 
-0.0267325 -0.203661 0.008827959999999999 
-0.00705292 -0.107931 -0.00735969 
0.0396122 -0.00468048 -0.0137249 
-0.0365712 -0.0361532 -0.0381987 
0.00290434 -0.0413956 -0.0328282 
-0.0319746 0.0239426 -0.00938025 
-0.0172924 -0.145902 -0.0385648 
-0.0116547 -0.142122 -0.0397613 
0.0295993 -0.200366 -0.0212133 
-0.0230075 -0.0325594 -0.0119907 
0.0233999 -0.164157 -0.0327014 
0.0375723 0.0249006 -0.0333246 
-0.0182386 -0.188488 0.0182745 
0.0315838 -0.009803330000000001 -0.002375 
-0.00841015 -0.110868 -0.0447028 
-0.0296176 -0.185139 -0.020014 
0.0173018 -0.209608 0.0239223 
-0.0424051 0.0128312 -0.0239364 
-0.00432919 0.0455777 -0.0232804 
-0.0200449 -0.133248 0.00361435 
-0.0217378 -0.202557 0.0196435 
0.00656282 0.0452987 -0.0230259 
-0.0119398 -0.210896 -0.0391547 
0.00458809 0.0140424 -0.0536799 
-0.00703785 -0.174299 -0.0362693 
0.0327513 -0.0439009 -0.0437859 
0.0198194 -0.197443 0.0223995 
0.0391816 -0.0200687 -0.0338718 
-0.000976505 -0.12369 -0.0438763 
-0.0122744 -0.178892 -0.0345617 
-0.0252425 0.0375439 -0.016375 
-0.0312018 -0.148388 -0.017756 
0.0168713 0.00352047 -0.0551008 
0.0132766 -0.197835 0.0259458 
0.00426705 -0.17739 -0.0408642 
-0.0182571 -0.139932 -0.038762 
0.0280293 0.0294128 -0.00262217 
-0.0226413 -0.126147 -0.0356926 
-0.0283412 -0.114013 -0.0215806 
0.0378681 -0.00977256 -0.0312326 
-0.0202435 -0.149194 0.0104544 
0.0399902 -0.000118493 -0.0213417 
-0.0451848 0.00780938 -0.0210616 
0.0298126 -0.189281 0.000731746 
0.0280489 -0.173592 0.009921320000000001 
0.0230707 -0.0325152 -0.0250943 
-0.0100388 0.0387007 -0.00990216 
-0.0198978 -0.0345583 -0.0219879 
0.022837 0.0375005 -0.0325411 
0.0267327 -0.127615 -0.0314431 
-0.0387059 0.00553698 -0.00353967 
-0.0337229 -0.212077 -0.00971902 
-0.0245747 -0.198803 -0.0311805 
-0.0423295 0.0073068 -0.0183678 
0.0118422 -0.128991 0.00390599 
-0.0342749 -0.035755 -0.0341069 
-0.0407137 0.0191101 -0.03233 
-0.0330928 -0.0475345 -0.0352471 
-0.0168806 -0.211347 0.0230171 
0.0391624 -0.00581454 -0.0429874 
-0.0334813 -0.0297245 -0.0275229 
0.0241189 -0.202543 -0.0253714 
0.0343096 -0.00166635 -0.032475 
-0.0140405 -0.0573201 -0.0246662 
0.0267846 -0.188275 0.008657099999999999 
-0.0129021 -0.122942 0.00151561 
-0.0348949 -0.0336169 -0.046198 
0.0317745 0.000382358 -0.0513027 
0.0325453 -0.028014 -0.0244985 
-0.008880839999999999 -0.0979048 -0.0479767 
-0.0386688 -0.009686409999999999 -0.012791 
0.0294553 -0.154998 0.00434268 
-0.0220759 -0.173925 -0.0210053 
-0.0158227 -0.195629 0.0199661 
0.0255975 -0.175353 0.0162905 
0.038354 0.0111304 -0.033375 
0.0298822 0.0010596 -0.0519956 
-0.00960607 0.0283571 -0.0513288 
0.008585539999999999 -0.201482 -0.0358281 
-0.00323969 -0.07419050000000001 -0.0214095 
0.012048 0.00943979 -0.032475 
-0.0258398 0.0342558 -0.0230168 
-0.0303428 -0.0317817 -0.0111603 
-0.0266112 0.036693 -0.0154511 
0.0108071 -0.076289 -0.0204964 
0.0215337 -0.09037630000000001 -0.0451999 
0.0363048 0.0164791 -0.00918192 
-0.000686699 -0.0738596 -0.0197112 
-0.00639752 0.0326606 -0.0519629 
-0.037282 0.0143834 -0.0237198 
0.0348935 -0.00716532 -0.002375 
-0.0308902 -0.158049 -0.00185973 
0.0257362 -0.16759 -0.0275359 
-0.0167813 -0.0343278 -0.0321667 
-0.0108902 -0.173925 -0.00566359 
0.0348588 -0.212329 -0.008078490000000001 
0.000513091 -0.0018648 -0.054336 
0.0257905 -0.186092 0.013543 
-0.00548252 -0.0408243 -0.0522194 
-0.0241251 -0.0795777 -0.0282643 
-0.0152896 -0.0410454 -0.0512545 
3.21977e-07 -0.183563 0.0269588 
-0.0258975 0.00452224 -0.002375 
-0.0100825 0.0445783 -0.0324521 
0.0128756 -0.182 0.0220797 
-0.0370687 -0.00894614 -0.0454735 
0.0330984 -0.156623 -0.00521216 
0.0308626 -0.0304407 -0.049538 
0.0256328 -0.186013 0.0147446 
-0.0294264 -0.00131733 -0.0506206 
0.00702456 -0.182039 0.0244288 
0.0435567 0.00579811 -0.0120201 
0.000685847 -0.0248845 -0.05505 
-0.000295865 -0.0976243 -0.0471374 
-0.0179116 -0.08927690000000001 -0.0210456 
0.0175342 -0.0849425 -0.0223299 
-0.000589477 0.0435152 -0.0451204 
-0.00717503 -0.117637 -0.00159501 
0.0235563 -0.124304 -0.00528309 
0.030631 -0.210402 -0.0232636 
0.0242222 -0.173925 -0.009854679999999999 
0.0264047 -0.205925 0.00700778 
0.0285033 -0.15287 -0.0247403 
0.0254422 -0.0369559 -0.0509381 
-0.0369824 0.0150259 -0.0215572 
0.0129786 -0.0188369 -0.0549651 
-0.00283718 -0.0852962 -0.0177404 
-0.007814720000000001 0.0421483 -0.0270624 
-0.0234858 -0.195045 -0.0315464 
-0.0129179 -0.0574881 -0.0515453 
0.0430506 0.0107532 -0.0175893 
0.021862 -0.0333615 -0.0300088 
0.0280916 -0.199338 0.00591325 
-0.0153702 0.0368704 -0.00680109 
-0.0286449 -0.0851107 -0.0389003 
-0.0327662 -0.206138 -0.0150122 
-0.0236304 -0.121763 -0.00961072 
0.0171482 0.0359928 -0.024861 
-0.00656486 -0.0446005 -0.016375 
0.0225279 -0.0386913 -0.016375 
0.0339139 -0.177823 -0.0140599 
-0.0256361 -0.115194 -0.0354127 
0.00760712 0.0372506 -0.0499204 
-0.0288251 -0.0249439 -0.049447 
0.0331702 -0.204787 -0.0134169 
-0.0329766 -0.176958 -0.00536487 
-0.0252285 -0.136348 -0.0339707 
-0.0278741 -0.0056272 -0.0511108 
0.0329394 -0.183921 -0.009904110000000001 
0.0398946 0.00143352 -0.0139698 
0.00606796 0.0443918 -0.016375 
-0.0134353 -0.122067 0.000703494 
0.00312635 -0.153842 -0.042077 
-0.008417920000000001 0.0390185 -0.00738143 
-0.0205086 -0.0828324 -0.0229344 
-0.008228829999999999 -0.128978 0.00720841 
-0.00370699 -0.0388398 -0.00342865 
0.0231544 0.0294627 -0.032475 
-0.0126298 0.0378899 -0.0118416 
-0.0219395 0.0334387 -0.0153431 
-0.0271846 -0.187856 -0.0206084 
-0.0166681 -0.173925 -0.0286271 
0.00481028 -0.126231 -0.0448725 
-0.027011 0.0351425 -0.0228772 
0.0222466 -0.0367536 -0.0282806 
-0.0326145 -0.150804 -0.00644997 
0.00542521 -0.175094 0.0237884 
-0.0428688 0.011237 -0.021904 
-0.0255082 0.0354835 -0.0338231 
0.0257036 -0.0247036 -0.0522717 
0.0304771 -0.200906 0.00849637 
-0.008452029999999999 -0.188589 0.0230945 
0.0273118 -0.190159 -0.0203357 
0.0447547 0.00947157 -0.0253894 
0.0343242 0.0181324 -0.00322455 
-0.0311222 -0.07784149999999999 -0.0394872 
0.00475203 -0.0208389 -0.0552892 
-0.0275063 -0.198509 0.00716862 
-0.00161006 -0.177939 0.0264229 
-0.0134701 -0.0234819 -0.0529324 
-0.0334379 -0.181047 -0.0157189 
0.0375053 -0.0224334 -0.0370911 
-0.0111951 0.0398851 -0.033051 
0.0319841 -0.0185182 -0.032475 
0.0262019 -0.0794358 -0.0445298 
-0.0336936 -0.19279 -0.015526 
0.00831465 -0.146838 -0.0418112 
0.0359637 0.0172105 -0.0217664 
-0.00273842 -0.0771743 -0.050697 
0.0246416 -0.145247 0.00639714 
0.0352179 -0.00606747 -0.002375 
-0.0218446 0.0333738 -0.0204015 
0.0307082 -0.0642322 -0.0375099 
0.0229358 -0.197041 -0.0267071 
-0.0170142 0.0360553 -0.0331683 
8.30925e-06 -0.208831 0.0275089 
0.0408334 -0.00953212 -0.0426114 
0.00157173 -0.122115 -0.0440363 
0.0116311 -0.173925 0.020404 
0.0308929 -0.172147 -0.0186442 
0.00288071 -0.0209632 -0.002375 
-0.0275334 0.0355855 -0.0348569 
0.0188884 0.0351045 -0.0100245 
-0.0169155 -0.197252 -0.0349058 
-0.0221722 -0.0383524 -0.018663 
-0.023317 -0.165894 0.0166172 
-0.0327236 -0.211503 0.00585576 
0.0105304 -0.07856150000000001 -0.0214247 
0.021947 -0.198017 0.0194807 
0.00346439 -0.045792 -0.015944 
-0.0181728 0.0168779 -0.0539132 
0.0326797 0.0297448 -0.0259666 
-0.0259843 -0.0731943 -0.0457144 
-0.0348447 -0.00272201 -0.0476842 
0.0451462 0.008015899999999999 -0.0216941 
0.00586849 -0.205925 -0.0320146 
0.0193544 -0.135931 0.00362294 
-0.0289102 -0.109701 -0.0257559 
0.0308039 -0.141835 -0.0132118 
-0.031056 0.0310945 -0.0116649 
0.024942 -0.179462 0.0175364 
-0.0288246 -0.11211 -0.0346933 
-0.00208934 -0.0508858 -0.0247647 
-0.00592958 -0.0609942 -0.0226048 
0.0318624 -0.205925 -0.00560866 
-0.00278295 -0.0273769 -0.0548512 
-0.0180092 -0.173226 0.0223089 
-0.0207635 -0.186431 0.0162975 
0.0149448 0.0409209 -0.0441307 
-0.0218056 -0.181048 -0.0334935 
-0.0306414 -0.190096 -0.00506479 
0.0418774 -0.00733879 -0.0403886 
0.0275193 -0.06806810000000001 -0.0308441 
0.0183571 -0.108501 -0.0437142 
-0.0124752 0.0379314 -0.0050341 
-0.0393585 0.00696267 -0.008919150000000001 
0.0269738 0.0294077 -0.0180285 
-0.00659487 0.00554522 -0.002375 
0.0332223 -0.219782 0.000461138 
0.0121099 -0.205925 0.0165154 
-0.00237709 -0.166186 -0.0398312 
-0.0338077 -0.214416 -0.0040546 
0.0267294 -0.218065 -0.0288398 
-0.035597 0.0257646 -0.0137967 
-0.0080669 -0.15909 -0.0409097 
-0.0124503 0.0313877 -0.032475 
0.00131928 -0.193424 -0.03702 
0.0184202 -0.1571 -0.0349991 
-0.00641499 -0.173925 -0.0229666 
0.0394774 -0.00630657 -0.0102948 
0.00857934 -0.0657978 -0.0513207 
0.0322704 -0.196757 -0.0196389 
0.0247306 -0.15522 0.0111851 
-0.00564653 -0.178008 -0.0391298 
0.0306225 -0.0682652 -0.0428742 
0.00817475 -0.0420721 -0.0183998 
-0.0114163 0.0382151 -0.0104889 
-0.0303943 -0.207548 -0.0236259 
-0.0204293 -0.205042 -0.0325309 
0.009482569999999999 0.000233961 -0.002375 
-0.00747983 -0.205925 0.0147342 
-0.0271229 -0.0564969 -0.0325864 
-0.0271374 -0.199572 0.0140389 
0.00146631 -0.189856 -0.0389831 
0.00199069 0.0310068 -0.0526224 
-0.0371801 0.0241246 -0.0211204 
0.0146259 0.00768664 -0.002375 
-0.0157213 -0.170393 0.0211776 
-0.0116544 0.00859452 -0.002375 
-0.0151364 0.0369309 -0.008040540000000001 
-0.0296069 -0.096993 -0.028318 
-0.0120979 -0.186454 0.0263895 
0.0294367 -0.08494649999999999 -0.0370266 
0.0275798 0.0328985 -0.0391373 
-0.0303526 -0.186172 -0.00160455 
-0.0114945 -0.038201 -0.00673361 
-0.0376123 0.0136659 -0.0269311 
-0.0325238 -0.217553 0.00321944 
0.0273226 -0.200212 0.0137554 
-0.0281334 -0.127629 -0.0130867 
0.0201267 -0.194 0.0192747 
-0.0107331 -0.202128 -0.0351918 
0.0321077 -0.186334 -0.0151945 
0.0312732 -0.165647 -0.0176876 
-0.0143082 -0.202104 0.0207265 
-0.0272543 0.0151771 -0.002375 
-0.0068542 -0.173925 -0.0108776 
-0.0191475 0.0398714 -0.0267974 
0.0339624 -0.212111 0.00159802 
0.0428009 0.00235584 -0.0272427 
0.00159422 -0.146003 -0.0428428 
-0.0216916 -0.139608 0.00613709 
-0.0281104 -0.119239 -0.0309477 
-0.016951 -0.0758769 -0.0245816 
0.033488 0.0216814 -0.0079343 
-0.0324123 -0.191343 -0.00988897 
0.0163799 -0.18622 0.0243656 
-0.00651417 -0.130683 0.00688735 
0.0385351 -0.0102219 -0.00650493 
-0.008711770000000001 -0.191395 -0.0385516 
-0.020448 -0.0736478 -0.0481032 
-0.0140527 -0.196523 -0.0353593 
0.0237893 -0.008269210000000001 -0.053825 
0.00469042 -0.0412449 -0.0326147 
-0.0200505 -0.140951 0.00818145 
0.000428075 -0.171449 -0.0398279 
-0.021664 -0.109007 -0.0147904 
0.0324496 0.00505873 -0.050831 
0.0157819 -0.169032 0.0208919 
-0.00879461 -0.0196884 -0.002375 
0.043567 0.00656525 -0.0259898 
0.0104068 -0.205925 -0.013488 
-6.76515e-05 -0.0400141 -0.0301566 
-0.0243245 -0.054681 -0.0491343 
-0.0288741 -0.0607793 -0.0344944 
-0.000116388 -0.154605 0.0224691 
0.045917 -0.000421782 -0.0207457 
-0.0048767 -0.169365 -0.0394749 
0.00368568 0.0454497 -0.0315951 
-0.00470586 -0.07204339999999999 -0.0510958 
0.0128416 -0.204178 0.0260951 
-0.0404644 0.0212055 -0.023055 
-0.009888279999999999 0.0386245 -0.0260579 
-0.00198376 -0.125507 0.00426825 
0.0297716 -0.173056 0.00658948 
-0.0364383 -0.0250656 -0.0223211 
-0.0030656 0.0397878 -0.0305509 
0.0330363 -0.0223265 -0.00735173 
-0.0288146 -0.0393408 -0.0323114 
-0.0192341 -0.196595 0.0206172 
0.0161776 -0.118958 -0.00273402 
-0.0454904 0.00503752 -0.0198723 
-0.0159234 -0.173925 0.00984486 
0.0250171 -0.114541 -0.0383925 
0.0399078 -0.00111254 -0.0292029 
0.0234157 -0.11633 -0.0126545 
-0.000534624 -0.205925 -0.0325582 
0.0100191 -0.149618 0.0166484 
-0.00292833 -0.154489 0.0221333 
0.0304352 -0.192466 -0.010202 
0.0290976 -0.102707 -0.0365462 
0.0129837 0.0438547 -0.0284429 
0.0128733 0.009069010000000001 -0.0552253 
-0.022959 -0.0258192 -0.032475 
-0.0320508 -0.166775 0.00349891 
-0.0197334 -0.0292142 -0.0532413 
-0.00408744 -0.165525 0.0239919 
-0.022076 0.00751367 -0.032475 
0.00725201 -0.0422779 -0.0264177 
-0.00732856 -0.205925 -0.0190216 
0.0143099 -0.0372344 -0.0258725 
0.0125082 -0.198533 -0.0343641 
0.0143522 -0.0415315 -0.009710389999999999 
-0.0108533 -0.105978 -0.009770829999999999 
-0.0256938 0.0179369 -0.0503943 
-0.013125 -0.0452141 -0.0511507 
-0.0367698 -0.0154112 -0.0112726 
0.0246545 -0.143705 -0.0310021 
-0.0368341 -0.0216338 -0.0318375 
-0.0408128 -0.0149623 -0.0269625 
-0.0316451 -0.0449117 -0.0447376 
0.00201391 -0.205925 -0.039163 
0.0389756 0.0085781 -0.018248 
-0.0301912 -0.198501 -0.000616209 
0.00450399 0.041481 -0.0320345 
0.0378341 0.0231108 -0.0208997 
0.00115492 -0.117329 -0.0462892 
-0.00431877 -0.12453 0.00529636 
0.0322885 -0.0538526 -0.035167 
0.012789 -0.07079009999999999 -0.0223377 
-0.00282459 -0.201118 -0.0402561 
0.0238153 -0.0364126 -0.0498533 
-0.0289324 -0.186739 -0.0167049 
-0.0419172 0.018622 -0.0205982 
0.024911 -0.203436 -0.0242402 
0.0287137 -0.0371821 -0.0478416 
0.0298678 -0.0782151 -0.0372815 
0.0356797 0.0178964 -0.0111072 
-0.0137302 -0.173925 -0.00730675 
-0.025346 -0.00757956 -0.0534792 
-0.0105968 -0.0977967 -0.013923 
0.00400833 -0.203523 -0.0410689 
0.020138 0.00736049 -0.0528482 
0.0205403 0.0388233 -0.00294283 
-0.0271197 -0.208211 -0.0268159 
-0.0283777 -0.189597 0.0110136 
0.00312503 -0.0493214 -0.053172 
-0.00309597 -0.219842 0.0284711 
-0.0299099 -0.116014 -0.0317362 
0.00979827 0.0387795 -0.0266367 
0.0249431 -0.196111 0.0114758 
0.0222068 -0.189335 0.014749 
-0.00863916 -0.169854 -0.0386628 
0.0367962 -0.0153509 -0.0246384 
0.0273222 0.0279755 -0.0481085 
0.008544299999999999 0.0268478 -0.032475 
-0.0169977 -0.174419 0.0192285 
-0.0284274 0.0150932 -0.032475 
-0.0188563 -0.204583 0.0218862 
-0.034967 -0.0202364 -0.0463619 
-0.0251226 -0.0411505 -0.0304122 
-0.0259389 -0.156726 0.00785974 
0.0273031 -0.0829714 -0.0431708 
0.0156359 -0.0367792 -0.0234912 
-0.000830741 -0.173925 0.00842731 
-0.00328934 0.0272261 -0.0519651 
-0.031967 -0.183323 -0.00890406 
-0.00435752 0.0278539 -0.0517723 
0.0383854 0.0190922 -0.0276101 
-0.00494165 -0.205925 -0.0362572 
0.013711 -0.152047 -0.0396419 
-0.0443086 0.00374211 -0.0342812 
0.0231494 -0.18965 0.0138253 
0.00508838 -0.172239 0.0269217 
0.0306583 -0.185963 -0.00509814 
-0.0227967 -0.0498684 -0.0502408 
0.0260719 -0.0341033 -0.0163984 
-0.0248717 -0.135111 5.00469e-06 
0.0177224 -0.0498127 -0.05152 
0.0269197 -0.211147 -0.0271221 
-0.0274705 -0.181851 0.00728765 
-0.022357 -0.220466 -0.0319116 
0.0349689 -0.0469158 -0.0419268 
0.0170801 0.0360831 -0.008821610000000001 
0.0384903 -0.0260135 -0.0419657 
-0.0310761 -0.193589 -0.0184188 
0.0319461 0.0239862 -0.011522 
-0.0386475 -0.0209483 -0.009842729999999999 
0.0355833 -0.0257138 -0.0244353 
-0.0289516 -0.183525 0.00754565 
-0.0384937 0.0188478 -0.0361556 
-0.00761095 -0.148271 -0.0419045 
0.0224842 0.0322951 -0.0464444 
0.0176637 -0.118887 -0.0422051 
0.0435731 -0.00522363 -0.00298413 
-0.0329502 0.0224495 -0.0314339 
-0.0313252 -0.137111 -0.0240939 
-0.02561 -0.113038 -0.0145633 
0.00871968 -0.0274216 -0.0530272 
-0.000135915 -0.09014659999999999 -0.0479393 
0.0267095 -0.00307867 -0.032475 
0.008234709999999999 0.0435318 -0.0217915 
0.0115096 -0.194 -0.0388135 
-0.008915370000000001 -0.00244577 -0.032475 
-0.00841279 -0.0092155 -0.0556393 
0.0374233 -0.02345 -0.016375 
-0.0291051 -0.183814 0.007474 
0.007854460000000001 -0.0571932 -0.0233594 
0.0234399 -0.175073 0.0184905 
0.00954588 -0.0388217 -0.0238645 
-0.0058436 0.00130063 -0.032475 
0.0334076 -0.178453 0.00224561 
0.0216285 -0.066401 -0.0286862 
-0.0261803 -0.146799 0.00250078 
0.00886231 0.0445394 -0.0377468 
0.0320418 -0.156053 -0.0116513 
-0.0311991 0.0259016 -0.0463568 
0.000857782 0.0077678 -0.002375 
-0.0414433 -0.0110676 -0.0220483 
0.0373412 -0.0141085 -0.00711225 
0.00413329 -0.00285843 -0.0558588 
-0.0265206 -0.0298609 -0.0261469 
-0.0187317 0.0344829 -0.0486444 
0.0282081 -0.125778 -0.0146248 
-0.0298742 -0.164056 -0.0212985 
0.0336666 -0.16243 -0.00540313 
3 242 772 776 
3 199 242 776 
3 811 921 955 
3 811 527 921 
3 921 18 955 
3 18 242 955 
3 242 18 772 
3 772 18 426 
3 288 772 426 
3 556 451 955 
3 791 585 955 
3 585 775 955 
3 775 811 955 
3 772 106 776 
3 106 629 776 
3 629 106 772 
3 629 653 776 
3 288 822 772 
3 629 822 850 
3 822 629 772 
3 968 288 426 
3 754 968 426 
3 822 968 850 
3 968 822 288 
3 242 220 955 
3 220 556 955 
3 556 220 242 
3 805 327 489 
3 907 590 855 
3 791 59 585 
3 451 116 955 
3 116 59 791 
3 533 775 585 
3 59 533 585 
3 489 533 865 
3 191 18 921 
3 18 560 426 
3 560 754 426 
3 58 629 850 
3 730 199 776 
3 653 730 776 
3 730 58 188 
3 151 968 490 
3 360 556 242 
3 641 242 199 
3 332 641 199 
3 641 332 242 
3 703 484 242 
3 332 703 242 
3 947 917 490 
3 247 947 490 
3 592 805 921 
3 592 327 805 
3 327 760 489 
3 744 996 990 
3 533 945 865 
3 945 533 59 
3 206 791 955 
3 116 206 955 
3 206 116 791 
3 740 533 489 
3 740 489 527 
3 811 740 527 
3 775 740 811 
3 533 740 775 
3 191 550 18 
3 550 560 18 
3 100 968 754 
3 560 100 754 
3 765 653 629 
3 765 730 653 
3 58 765 629 
3 730 765 58 
3 968 98 850 
3 151 98 968 
3 197 151 490 
3 5 917 497 
3 917 5 260 
3 601 332 199 
3 315 907 855 
3 907 315 489 
3 315 805 489 
3 147 221 497 
3 917 147 497 
3 147 917 947 
3 147 315 221 
3 315 147 805 
3 247 147 947 
3 805 147 921 
3 147 247 921 
3 917 148 490 
3 148 917 27 
3 148 197 490 
3 197 148 27 
3 968 830 490 
3 830 247 490 
3 527 138 921 
3 138 592 921 
3 489 138 527 
3 556 319 451 
3 104 744 990 
3 104 391 744 
3 622 996 744 
3 798 622 744 
3 996 622 650 
3 308 282 928 
3 125 308 928 
3 945 576 865 
3 576 945 590 
3 576 590 907 
3 576 489 865 
3 576 907 489 
3 116 292 59 
3 292 945 59 
3 945 292 590 
3 292 212 590 
3 58 335 188 
3 282 335 928 
3 335 282 188 
3 197 748 151 
3 98 748 850 
3 748 98 151 
3 917 252 27 
3 484 659 242 
3 659 710 242 
3 710 646 242 
3 841 730 188 
3 282 841 188 
3 730 841 199 
3 841 601 199 
3 315 617 221 
3 550 140 560 
3 830 140 550 
3 140 100 560 
3 100 140 968 
3 140 830 968 
3 854 550 191 
3 854 191 921 
3 247 854 921 
3 592 932 327 
3 138 932 592 
3 554 760 327 
3 932 554 327 
3 554 932 138 
3 760 554 489 
3 554 138 489 
3 441 391 451 
3 319 441 451 
3 879 319 556 
3 360 879 556 
3 879 360 501 
3 637 325 650 
3 325 996 650 
3 988 762 251 
3 762 125 928 
3 676 308 125 
3 88 116 451 
3 88 292 116 
3 391 88 451 
3 104 88 391 
3 88 104 990 
3 212 88 990 
3 292 88 212 
3 545 197 27 
3 252 545 27 
3 875 988 251 
3 252 875 251 
3 552 852 5 
3 852 552 637 
3 852 637 650 
3 988 852 650 
3 646 759 242 
3 759 360 242 
3 360 759 501 
3 759 217 501 
3 51 646 710 
3 431 51 710 
3 759 51 217 
3 51 759 646 
3 703 836 484 
3 836 703 332 
3 876 798 122 
3 876 308 798 
3 617 753 855 
3 753 617 315 
3 735 617 855 
3 590 735 855 
3 567 830 550 
3 854 567 550 
3 830 567 247 
3 567 854 247 
3 441 913 391 
3 913 441 319 
3 879 978 319 
3 978 913 319 
3 913 978 391 
3 217 978 501 
3 978 879 501 
3 51 978 217 
3 978 51 431 
3 431 994 122 
3 994 876 122 
3 876 994 566 
3 566 994 659 
3 659 994 710 
3 994 431 710 
3 177 325 243 
3 177 212 990 
3 996 177 990 
3 325 177 996 
3 735 177 243 
3 212 177 590 
3 177 735 590 
3 211 461 637 
3 461 325 637 
3 325 461 243 
3 461 735 243 
3 461 211 617 
3 735 461 617 
3 552 320 637 
3 320 211 637 
3 320 5 497 
3 320 552 5 
3 221 320 497 
3 617 320 221 
3 211 320 617 
3 265 622 798 
3 308 265 798 
3 676 265 308 
3 622 265 650 
3 265 676 650 
3 762 398 125 
3 398 676 125 
3 676 398 650 
3 398 988 650 
3 398 762 988 
3 707 545 335 
3 707 335 58 
3 707 748 197 
3 545 707 197 
3 707 58 850 
3 748 707 850 
3 807 252 251 
3 807 762 928 
3 762 807 251 
3 302 875 252 
3 302 917 260 
3 302 252 917 
3 5 344 260 
3 344 302 260 
3 302 344 875 
3 875 344 988 
3 852 555 5 
3 555 852 988 
3 555 344 5 
3 344 555 988 
3 467 841 282 
3 308 467 282 
3 876 467 308 
3 467 876 566 
3 777 315 855 
3 753 777 855 
3 777 753 315 
3 391 123 744 
3 978 123 391 
3 798 123 122 
3 123 798 744 
3 123 431 122 
3 123 978 431 
3 545 248 335 
3 335 248 928 
3 248 807 928 
3 248 545 252 
3 807 248 252 
3 610 467 836 
3 601 610 332 
3 610 836 332 
3 841 610 601 
3 467 610 841 
3 435 467 566 
3 467 435 836 
3 836 435 484 
3 435 659 484 
3 435 566 659 
Vertices and facets:
- p242(v13): 0.0086 -0.22 -0.04
- p772(v10): 0.033 -0.22 0.00046
- p776(v5): 0.027 -0.22 -0.029
- p199(v12): 0.036 -0.018 -0.048
- p811(v18): -0.033 -0.22 0.0032
- p921(v3): -0.0031 -0.22 0.028
- p955(v2): -0.022 -0.22 -0.032
- p527(v8): -0.032 -0.22 0.0081
- p18(v19): 0.021 -0.22  0.02
- p426(v9): 0.029 -0.22 0.013
- p288(v21): 0.032 -0.21 0.0074
- p556(v23): -0.012 -0.21 -0.039
- p451(v11): -0.033 -0.019 -0.05
- p791(v28): -0.03 -0.21 -0.024
- p585(v17): -0.034 -0.21 -0.0097
- p775(v29): -0.034 -0.21 -0.0041
- p106(v32): 0.034 -0.22 -0.0072
- p629(v20): 0.035 -0.21 -0.0081
- p653(v33): 0.031 -0.21 -0.023
- p822(v34): 0.034 -0.21 0.0016
- p850(v1): 0.046 -0.00042 -0.021
- p968(v35): 0.044 -0.0052 -0.003
- p754(v31): 0.025 -0.18 0.018
- p220(v39): -0.011 -0.21 -0.038
- p327(v45): -0.015 -0.18 0.025
- p805(v25): -0.012 -0.19 0.026
- p489(v14): -0.043 0.0089 -0.0029
- p590(v49): -0.041 0.019 -0.032
- p907(v46): -0.042 0.019 -0.021
- p855(v26): -0.04 0.021 -0.023
- p59(v50): -0.044 -0.0013 -0.035
- p116(v51): -0.036 -0.025 -0.046
- p533(v52): -0.045 -0.0082 -0.021
- p865(v0): -0.045 0.005 -0.02
- p191(v53): 0.0067 -0.21 0.027
- p560(v54):  0.02  -0.2 0.022
- p58(v55): 0.044 0.0055 -0.034
- p730(v56): 0.041 -0.0095 -0.043
- p188(v36): 0.038 0.016 -0.042
- p151(v57): 0.043 0.011 -0.0051
- p490(v15): 0.037  0.02 -0.0024
- p360(v62): -0.0043 -0.21 -0.041
- p641(v65): 0.031 -0.03 -0.05
- p332(v42): 0.028 -0.014 -0.052
- p703(v66): 0.026 -0.025 -0.052
- p484(v24): 0.018 -0.02 -0.054
- p917(v70): 0.021 0.039 -0.0029
- p947(v44): 0.0051 -0.17 0.027
- p247(v71): 0.007 -0.18 0.027
- p592(v72): -0.017 -0.21 0.023
- p760(v73): -0.018 -0.17 0.022
- p996(v76): -0.019 0.034 -0.049
- p744(v47): -0.018 0.017 -0.054
- p990(v27): -0.031 0.026 -0.046
- p945(v78): -0.044 0.0037 -0.034
- p206(v79): -0.025 -0.21 -0.031
- p740(v80): -0.033 -0.21 0.0059
- p550(v81): 0.017 -0.21 0.024
- p100(v82):  0.02 -0.19 0.022
- p765(v83): 0.042 -0.0073 -0.04
- p98(v84): 0.044 0.0031 -0.0055
- p197(v86): 0.041  0.02 -0.017
- p5(v87): 0.0069 0.045 -0.017
- p497(v7): -0.0063 0.041 -0.0024
- p260(v61): 0.012 0.044 -0.016
- p601(v90): 0.032 0.00038 -0.051
- p315(v92): -0.032 0.028 -0.0024
- p147(v93): -0.00094 -0.17 0.027
- p221(v69): -0.024 0.035 -0.0024
- p148(v94): 0.036 0.025 -0.013
- p27(v58): 0.039 0.024 -0.02
- p830(v95): 0.016 -0.19 0.024
- p138(v97): -0.028 -0.21 0.014
- p319(v98): -0.024 -0.017 -0.053
- p104(v99): -0.027 0.015 -0.05
- p391(v75): -0.026 -0.001 -0.054
- p622(v102): -0.0064 0.033 -0.052
- p798(v77): 0.002 0.031 -0.053
- p650(v38): -0.00059 0.044 -0.045
- p308(v104): 0.018 0.029 -0.051
- p282(v67): 0.031 0.013 -0.05
- p928(v22): 0.027 0.028 -0.048
- p125(v101): 0.013 0.037 -0.049
- p576(v105): -0.045 0.0078 -0.021
- p292(v107): -0.039  0.01 -0.044
- p212(v106): -0.032 0.025 -0.046
- p335(v108): 0.038 0.022 -0.039
- p748(v109): 0.045 0.008 -0.022
- p252(v113): 0.027 0.036 -0.027
- p659(v114): 0.013 -0.019 -0.055
- p710(v89): 0.0048 -0.021 -0.055
- p646(v115): 0.00069 -0.025 -0.055
- p841(v116): 0.032 0.0051 -0.051
- p617(v118): -0.027 0.037 -0.015
- p140(v119): 0.019 -0.19 0.023
- p854(v120): 0.013  -0.2 0.026
- p932(v121): -0.019  -0.2 0.022
- p554(v122): -0.022  -0.2  0.02
- p441(v123): -0.027 -0.0098 -0.053
- p879(v124): -0.02 -0.029 -0.053
- p501(v41): -0.018 -0.035 -0.053
- p325(v126): -0.019 0.039 -0.044
- p637(v60): -0.01 0.045 -0.032
- p762(v128): 0.015 0.041 -0.044
- p988(v111): 0.0089 0.045 -0.038
- p251(v88): 0.018 0.042 -0.039
- p676(v129): 0.0076 0.037 -0.05
- p88(v130): -0.037 0.0081 -0.047
- p545(v131): 0.038 0.025 -0.033
- p875(v132): 0.013 0.044 -0.028
- p852(v133): 0.0037 0.045 -0.032
- p552(v110): -0.0043 0.046 -0.023
- p759(v134): -0.0028 -0.027 -0.055
- p217(v63): -0.0028 -0.025 -0.055
- p51(v135): 0.00073 -0.021 -0.055
- p431(v125): -0.0039 -0.0059 -0.056
- p836(v136): 0.024 -0.0083 -0.054
- p876(v137): 0.013 0.0091 -0.055
- p122(v6): -0.00036 0.0049 -0.056
- p753(v138): -0.031 0.031 -0.012
- p735(v139): -0.028 0.036 -0.035
- p567(v140): 0.013  -0.2 0.026
- p913(v141): -0.025 -0.0076 -0.053
- p978(v142): -0.0084 -0.0092 -0.056
- p994(v143): 0.0041 -0.0029 -0.056
- p566(v117): 0.017 0.0035 -0.055
- p177(v144): -0.031 0.028 -0.045
- p243(v100): -0.026 0.036 -0.036
- p461(v145): -0.024 0.038 -0.034
- p211(v127): -0.023  0.04 -0.019
- p320(v146): -0.014 0.042 -0.0061
- p265(v147): 0.0031 0.035 -0.051
- p398(v148): 0.0048 0.043 -0.044
- p707(v149): 0.045 0.0095 -0.025
- p807(v150): 0.028 0.033 -0.039
- p302(v151): 0.013 0.044 -0.018
- p344(v152): 0.0097 0.045 -0.019
- p555(v153): 0.0066 0.045 -0.023
- p467(v154): 0.024 0.0075 -0.054
- p777(v155): -0.036 0.026 -0.014
- p123(v156): -0.014 0.0089 -0.055
- p248(v157): 0.037 0.024 -0.038
- p610(v158):  0.03 0.0011 -0.052
- p435(v159):  0.02 -0.00069 -0.055
- f34
    - flags: top simplicial
    - normal:     0.181  -0.9786 -0.09745
    - offset: -0.2210565
    - vertices: p242(v13) p772(v10) p776(v5)
    - neighboring facets: f125 f37 f66
- f37
    - flags: bottom simplicial
    - normal:    0.5408  -0.1042  -0.8347
    - offset: -0.06124907
    - vertices: p242(v13) p199(v12) p776(v5)
    - neighboring facets: f239 f34 f284
- f58
    - flags: top simplicial
    - normal:   -0.1183  -0.9918  0.04799
    - offset: -0.2197751
    - vertices: p811(v18) p921(v3) p955(v2)
    - neighboring facets: f64 f113 f59
- f59
    - flags: top simplicial
    - normal:   -0.3837  -0.8459   0.3705
    - offset: -0.1976918
    - vertices: p811(v18) p527(v8) p921(v3)
    - neighboring facets: f451 f58 f365
- f64
    - flags: bottom simplicial
    - normal:  -0.01339  -0.9998   0.0146
    - offset: -0.2202561
    - vertices: p18(v19) p921(v3) p955(v2)
    - neighboring facets: f58 f65 f223
- f65
    - flags: top simplicial
    - normal:  0.005921       -1 -0.001255
    - offset: -0.2203696
    - vertices: p18(v19) p242(v13) p955(v2)
    - neighboring facets: f156 f64 f66
- f66
    - flags: bottom simplicial
    - normal:   0.02984  -0.9995 -0.005992
    - offset: -0.2206689
    - vertices: p18(v19) p242(v13) p772(v10)
    - neighboring facets: f34 f67 f65
- f67
    - flags: bottom simplicial
    - normal:    0.7274  -0.5238   0.4434
    - offset: -0.1394906
    - vertices: p18(v19) p772(v10) p426(v9)
    - neighboring facets: f75 f227 f66
- f75
    - flags: top simplicial
    - normal:    0.9126  -0.1737   0.3701
    - offset: -0.0686603
    - vertices: p288(v21) p772(v10) p426(v9)
    - neighboring facets: f67 f136 f133
- f84
    - flags: top simplicial
    - normal:   -0.5024  -0.1029  -0.8585
    - offset: -0.06132038
    - vertices: p556(v23) p451(v11) p955(v2)
    - neighboring facets: f213 f157 f455
- f111
    - flags: top simplicial
    - normal:   -0.8825  -0.3421  -0.3227
    - offset: -0.1054556
    - vertices: p791(v28) p585(v17) p955(v2)
    - neighboring facets: f112 f360 f210
- f112
    - flags: bottom simplicial
    - normal:   -0.8246  -0.5184  -0.2264
    - offset: -0.1399435
    - vertices: p775(v29) p585(v17) p955(v2)
    - neighboring facets: f111 f113 f217
- f113
    - flags: top simplicial
    - normal:   -0.7319  -0.6632  -0.1568
    - offset: -0.1675697
    - vertices: p775(v29) p811(v18) p955(v2)
    - neighboring facets: f58 f112 f366
- f125
    - flags: bottom simplicial
    - normal:    0.8184  -0.5339  -0.2126
    - offset: -0.1444363
    - vertices: p106(v32) p772(v10) p776(v5)
    - neighboring facets: f34 f126 f127
- f126
    - flags: top simplicial
    - normal:    0.9076  -0.3253  -0.2655
    - offset: -0.1028459
    - vertices: p106(v32) p629(v20) p776(v5)
    - neighboring facets: f131 f125 f127
- f127
    - flags: bottom simplicial
    - normal:    0.9568  -0.2837 -0.06426
    - offset: -0.09410997
    - vertices: p106(v32) p629(v20) p772(v10)
    - neighboring facets: f135 f125 f126
- f131
    - flags: bottom simplicial
    - normal:    0.9216  -0.2586  -0.2894
    - offset: -0.08937935
    - vertices: p653(v33) p629(v20) p776(v5)
    - neighboring facets: f126 f240 f376
- f133
    - flags: bottom simplicial
    - normal:    0.9336   -0.139   0.3303
    - offset: -0.06172292
    - vertices: p822(v34) p288(v21) p772(v10)
    - neighboring facets: f75 f135 f142
- f134
    - flags: bottom simplicial
    - normal:    0.9946 -0.04633  0.09318
    - offset: -0.04375422
    - vertices: p822(v34) p629(v20) p850(v1)
    - neighboring facets: f235 f141 f135
- f135
    - flags: top simplicial
    - normal:    0.9895  -0.1094  0.09413
    - offset: -0.05696653
    - vertices: p822(v34) p629(v20) p772(v10)
    - neighboring facets: f127 f133 f134
- f136
    - flags: top simplicial
    - normal:    0.8877 -0.02652   0.4597
    - offset: -0.03744592
    - vertices: p968(v35) p288(v21) p426(v9)
    - neighboring facets: f75 f137 f142
- f137
    - flags: bottom simplicial
    - normal:    0.7443 -0.0009245   0.6679
    - offset: -0.03044163
    - vertices: p968(v35) p754(v31) p426(v9)
    - neighboring facets: f228 f136 f372
- f141
    - flags: bottom simplicial
    - normal:    0.9919 -0.04344   0.1192
    - offset: -0.04309258
    - vertices: p968(v35) p822(v34) p850(v1)
    - neighboring facets: f134 f380 f142
- f142
    - flags: top simplicial
    - normal:    0.9473 -0.03696   0.3181
    - offset: -0.04052267
    - vertices: p968(v35) p822(v34) p288(v21)
    - neighboring facets: f133 f136 f141
- f156
    - flags: bottom simplicial
    - normal:   -0.2248  -0.4896  -0.8425
    - offset: -0.1398547
    - vertices: p220(v39) p242(v13) p955(v2)
    - neighboring facets: f65 f157 f158
- f157
    - flags: top simplicial
    - normal:   -0.3639  -0.2769  -0.8893
    - offset: -0.09757317
    - vertices: p220(v39) p556(v23) p955(v2)
    - neighboring facets: f84 f156 f158
- f158
    - flags: bottom simplicial
    - normal:   -0.1616  -0.2385  -0.9576
    - offset: -0.0897226
    - vertices: p220(v39) p556(v23) p242(v13)
    - neighboring facets: f273 f156 f157
- f187
    - flags: bottom simplicial
    - normal:   -0.3597  0.08272   0.9294
    - offset: -0.0134545
    - vertices: p327(v45) p805(v25) p489(v14)
    - neighboring facets: f423 f326 f324
- f204
    - flags: bottom simplicial
    - normal:   -0.8977   0.4344 -0.07401
    - offset: -0.0472419
    - vertices: p590(v49) p907(v46) p855(v26)
    - neighboring facets: f419 f675 f493
- f210
    - flags: bottom simplicial
    - normal:   -0.9636 -0.07777   -0.256
    - offset: -0.05147493
    - vertices: p59(v50) p791(v28) p585(v17)
    - neighboring facets: f111 f219 f216
- f213
    - flags: bottom simplicial
    - normal:   -0.6346  -0.1021  -0.7661
    - offset: -0.06113575
    - vertices: p116(v51) p451(v11) p955(v2)
    - neighboring facets: f84 f361 f628
- f216
    - flags: top simplicial
    - normal:   -0.9017 -0.08267  -0.4245
    - offset: -0.05459273
    - vertices: p116(v51) p59(v50) p791(v28)
    - neighboring facets: f210 f362 f502
- f217
    - flags: top simplicial
    - normal:   -0.9976 -0.05797 -0.03887
    - offset: -0.0463115
    - vertices: p533(v52) p775(v29) p585(v17)
    - neighboring facets: f112 f219 f367
- f219
    - flags: bottom simplicial
    - normal:   -0.9928 -0.06114  -0.1033
    - offset: -0.04744942
    - vertices: p533(v52) p59(v50) p585(v17)
    - neighboring facets: f210 f217 f355
- f220
    - flags: bottom simplicial
    - normal:   -0.9874 -0.03457   0.1541
    - offset: -0.04168226
    - vertices: p533(v52) p489(v14) p865(v0)
    - neighboring facets: f494 f354 f363
- f223
    - flags: top simplicial
    - normal:    0.3031   -0.264   0.9156
    - offset: -0.0831744
    - vertices: p191(v53) p18(v19) p921(v3)
    - neighboring facets: f64 f579 f368
- f227
    - flags: bottom simplicial
    - normal:    0.6825 -0.03615     0.73
    - offset: -0.03701545
    - vertices: p560(v54) p18(v19) p426(v9)
    - neighboring facets: f67 f228 f369
- f228
    - flags: top simplicial
    - normal:    0.7074 -0.01038   0.7068
    - offset: -0.03189961
    - vertices: p560(v54) p754(v31) p426(v9)
    - neighboring facets: f137 f227 f373
- f235
    - flags: top simplicial
    - normal:    0.9857 -0.06082   -0.157
    - offset: -0.04854398
    - vertices: p58(v55) p629(v20) p850(v1)
    - neighboring facets: f134 f738 f378
- f239
    - flags: top simplicial
    - normal:    0.8014 -0.09322  -0.5908
    - offset: -0.05878762
    - vertices: p730(v56) p199(v12) p776(v5)
    - neighboring facets: f37 f240 f552
- f240
    - flags: bottom simplicial
    - normal:    0.8703 -0.09083  -0.4841
    - offset: -0.05703078
    - vertices: p730(v56) p653(v33) p776(v5)
    - neighboring facets: f131 f239 f377
- f242
    - flags: top simplicial
    - normal:    0.8322    0.118  -0.5418
    - offset: -0.05594328
    - vertices: p730(v56) p58(v55) p188(v36)
    - neighboring facets: f512 f550 f379
- f246
    - flags: top simplicial
    - normal:    0.5849   0.1424   0.7985
    - offset: -0.02236072
    - vertices: p151(v57) p968(v35) p490(v15)
    - neighboring facets: f438 f387 f382
- f273
    - flags: top simplicial
    - normal:   -0.1291  -0.1646  -0.9779
    - offset: -0.07454922
    - vertices: p360(v62) p556(v23) p242(v13)
    - neighboring facets: f158 f654 f593
- f284
    - flags: top simplicial
    - normal:    0.5329  -0.1033  -0.8399
    - offset: -0.06119616
    - vertices: p641(v65) p242(v13) p199(v12)
    - neighboring facets: f37 f285 f286
- f285
    - flags: bottom simplicial
    - normal:    0.4678 -0.07174  -0.8809
    - offset: -0.06026036
    - vertices: p641(v65) p332(v42) p199(v12)
    - neighboring facets: f408 f284 f286
- f286
    - flags: top simplicial
    - normal:      0.39 -0.09031  -0.9164
    - offset: -0.06018053
    - vertices: p641(v65) p332(v42) p242(v13)
    - neighboring facets: f288 f284 f285
- f287
    - flags: top simplicial
    - normal:    0.2145 -0.07837  -0.9736
    - offset: -0.05834048
    - vertices: p703(v66) p484(v24) p242(v13)
    - neighboring facets: f543 f288 f663
- f288
    - flags: bottom simplicial
    - normal:    0.3746 -0.08924  -0.9229
    - offset: -0.06007355
    - vertices: p703(v66) p332(v42) p242(v13)
    - neighboring facets: f286 f287 f664
- f310
    - flags: bottom simplicial
    - normal:      0.12   0.1305   0.9842
    - offset: -0.004633197
    - vertices: p917(v70) p947(v44) p490(v15)
    - neighboring facets: f315 f434 f428
- f315
    - flags: top simplicial
    - normal:    0.1373   0.1273   0.9823
    - offset: -0.005212387
    - vertices: p247(v71) p947(v44) p490(v15)
    - neighboring facets: f310 f439 f431
- f323
    - flags: top simplicial
    - normal:   -0.3933 -0.04881   0.9181
    - offset: -0.03808735
    - vertices: p592(v72) p805(v25) p921(v3)
    - neighboring facets: f432 f452 f324
- f324
    - flags: top simplicial
    - normal:     -0.47 -0.02922   0.8822
    - offset: -0.03441395
    - vertices: p592(v72) p327(v45) p805(v25)
    - neighboring facets: f187 f323 f581
- f326
    - flags: bottom simplicial
    - normal:   -0.6148  0.02502   0.7883
    - offset: -0.02432325
    - vertices: p760(v73) p327(v45) p489(v14)
    - neighboring facets: f187 f587 f584
- f342
    - flags: bottom simplicial
    - normal:    -0.344   0.2592  -0.9025
    - offset: -0.05928205
    - vertices: p996(v76) p744(v47) p990(v27)
    - neighboring facets: f462 f706 f476
- f354
    - flags: bottom simplicial
    - normal:   -0.9966 -0.02165 -0.07979
    - offset: -0.04681127
    - vertices: p945(v78) p533(v52) p865(v0)
    - neighboring facets: f220 f491 f355
- f355
    - flags: top simplicial
    - normal:   -0.9955 -0.03256 -0.08931
    - offset: -0.04704764
    - vertices: p945(v78) p533(v52) p59(v50)
    - neighboring facets: f219 f503 f354
- f360
    - flags: top simplicial
    - normal:   -0.8134  -0.1447  -0.5634
    - offset: -0.0680735
    - vertices: p206(v79) p791(v28) p955(v2)
    - neighboring facets: f111 f361 f362
- f361
    - flags: bottom simplicial
    - normal:   -0.6803  -0.1024  -0.7258
    - offset: -0.06094596
    - vertices: p206(v79) p116(v51) p955(v2)
    - neighboring facets: f213 f360 f362
- f362
    - flags: top simplicial
    - normal:   -0.8087 -0.09884  -0.5799
    - offset: -0.05879311
    - vertices: p206(v79) p116(v51) p791(v28)
    - neighboring facets: f216 f360 f361
- f363
    - flags: top simplicial
    - normal:   -0.9865 -0.03958   0.1589
    - offset: -0.04158346
    - vertices: p740(v80) p533(v52) p489(v14)
    - neighboring facets: f220 f364 f367
- f364
    - flags: top simplicial
    - normal:   -0.9343  -0.0293   0.3553
    - offset: -0.0388505
    - vertices: p740(v80) p489(v14) p527(v8)
    - neighboring facets: f453 f365 f363
- f365
    - flags: bottom simplicial
    - normal:   -0.9718  -0.1204   0.2026
    - offset: -0.05844631
    - vertices: p740(v80) p811(v18) p527(v8)
    - neighboring facets: f59 f364 f366
- f366
    - flags: bottom simplicial
    - normal:   -0.9867 -0.09131   0.1348
    - offset: -0.05238891
    - vertices: p740(v80) p775(v29) p811(v18)
    - neighboring facets: f113 f365 f367
- f367
    - flags: bottom simplicial
    - normal:   -0.9916 -0.04474   0.1216
    - offset: -0.04262264
    - vertices: p740(v80) p533(v52) p775(v29)
    - neighboring facets: f217 f366 f363
- f368
    - flags: bottom simplicial
    - normal:    0.3375  -0.1911   0.9217
    - offset: -0.0679358
    - vertices: p550(v81) p191(v53) p18(v19)
    - neighboring facets: f223 f369 f578
- f369
    - flags: top simplicial
    - normal:    0.6506 -0.03971   0.7584
    - offset: -0.03772309
    - vertices: p550(v81) p560(v54) p18(v19)
    - neighboring facets: f227 f368 f571
- f372
    - flags: top simplicial
    - normal:    0.6548  0.01897   0.7556
    - offset: -0.02617806
    - vertices: p100(v82) p968(v35) p754(v31)
    - neighboring facets: f137 f373 f574
- f373
    - flags: bottom simplicial
    - normal:    0.6701 0.009826   0.7422
    - offset: -0.02796588
    - vertices: p100(v82) p560(v54) p754(v31)
    - neighboring facets: f228 f372 f573
- f376
    - flags: top simplicial
    - normal:     0.958 -0.07637  -0.2764
    - offset: -0.05184299
    - vertices: p765(v83) p653(v33) p629(v20)
    - neighboring facets: f131 f378 f377
- f377
    - flags: top simplicial
    - normal:    0.9307 -0.08162  -0.3566
    - offset: -0.05397596
    - vertices: p765(v83) p730(v56) p653(v33)
    - neighboring facets: f240 f376 f379
- f378
    - flags: bottom simplicial
    - normal:    0.9739  -0.0675  -0.2167
    - offset: -0.05003185
    - vertices: p765(v83) p58(v55) p629(v20)
    - neighboring facets: f235 f376 f379
- f379
    - flags: bottom simplicial
    - normal:    0.8699  0.07919  -0.4867
    - offset: -0.05550879
    - vertices: p765(v83) p730(v56) p58(v55)
    - neighboring facets: f242 f378 f377
- f380
    - flags: bottom simplicial
    - normal:    0.9911 0.006786   0.1326
    - offset: -0.04275591
    - vertices: p98(v84) p968(v35) p850(v1)
    - neighboring facets: f141 f518 f382
- f382
    - flags: bottom simplicial
    - normal:    0.8645    0.117   0.4889
    - offset: -0.03559699
    - vertices: p98(v84) p151(v57) p968(v35)
    - neighboring facets: f246 f380 f519
- f387
    - flags: top simplicial
    - normal:    0.8365   0.4694   0.2825
    - offset: -0.03925746
    - vertices: p197(v86) p151(v57) p490(v15)
    - neighboring facets: f246 f436 f517
- f393
    - flags: top simplicial
    - normal:   0.08182   0.9361   0.3421
    - offset: -0.03701644
    - vertices: p5(v87) p917(v70) p497(v7)
    - neighboring facets: f427 f719 f394
- f394
    - flags: bottom simplicial
    - normal:     0.157    0.948   0.2767
    - offset: -0.03921701
    - vertices: p5(v87) p917(v70) p260(v61)
    - neighboring facets: f748 f750 f393
- f408
    - flags: top simplicial
    - normal:    0.4739 -0.05702  -0.8787
    - offset: -0.06011758
    - vertices: p601(v90) p332(v42) p199(v12)
    - neighboring facets: f285 f553 f781
- f419
    - flags: top simplicial
    - normal:   -0.8049   0.5785   0.1324
    - offset: -0.04178424
    - vertices: p315(v92) p907(v46) p855(v26)
    - neighboring facets: f204 f766 f422
- f422
    - flags: bottom simplicial
    - normal:   -0.8526   0.4774   0.2125
    - offset: -0.04025034
    - vertices: p315(v92) p907(v46) p489(v14)
    - neighboring facets: f495 f423 f419
- f423
    - flags: top simplicial
    - normal:   -0.2389   0.1072   0.9651
    - offset: -0.008373269
    - vertices: p315(v92) p805(v25) p489(v14)
    - neighboring facets: f187 f422 f430
- f426
    - flags: top simplicial
    - normal:   -0.0488   0.1359   0.9895
    - offset: -0.003523525
    - vertices: p147(v93) p221(v69) p497(v7)
    - neighboring facets: f721 f427 f429
- f427
    - flags: bottom simplicial
    - normal:   0.03192    0.138   0.9899
    - offset: -0.003099535
    - vertices: p147(v93) p917(v70) p497(v7)
    - neighboring facets: f393 f426 f428
- f428
    - flags: top simplicial
    - normal:   0.04015   0.1371   0.9897
    - offset: -0.003234931
    - vertices: p147(v93) p917(v70) p947(v44)
    - neighboring facets: f310 f431 f427
- f429
    - flags: top simplicial
    - normal:   -0.1013   0.1295   0.9864
    - offset: -0.004562216
    - vertices: p147(v93) p315(v92) p221(v69)
    - neighboring facets: f570 f426 f430
- f430
    - flags: bottom simplicial
    - normal:   -0.2009   0.1118   0.9732
    - offset: -0.007272926
    - vertices: p147(v93) p315(v92) p805(v25)
    - neighboring facets: f423 f432 f429
- f431
    - flags: bottom simplicial
    - normal:  0.004253  0.08915    0.996
    - offset: -0.01148133
    - vertices: p147(v93) p247(v71) p947(v44)
    - neighboring facets: f315 f428 f433
- f432
    - flags: bottom simplicial
    - normal:  -0.08136  0.04015   0.9959
    - offset: -0.01977841
    - vertices: p147(v93) p805(v25) p921(v3)
    - neighboring facets: f323 f433 f430
- f433
    - flags: top simplicial
    - normal:  -0.06393  0.03948   0.9972
    - offset: -0.01990948
    - vertices: p147(v93) p247(v71) p921(v3)
    - neighboring facets: f580 f432 f431
- f434
    - flags: bottom simplicial
    - normal:    0.7329   0.6264   0.2653
    - offset: -0.03859407
    - vertices: p148(v94) p917(v70) p490(v15)
    - neighboring facets: f310 f436 f435
- f435
    - flags: top simplicial
    - normal:    0.7279   0.6448   0.2332
    - offset: -0.03929768
    - vertices: p148(v94) p917(v70) p27(v58)
    - neighboring facets: f540 f437 f434
- f436
    - flags: top simplicial
    - normal:    0.7503   0.6092   0.2567
    - offset: -0.03891142
    - vertices: p148(v94) p197(v86) p490(v15)
    - neighboring facets: f387 f434 f437
- f437
    - flags: bottom simplicial
    - normal:    0.7487   0.6167   0.2432
    - offset: -0.03921954
    - vertices: p148(v94) p197(v86) p27(v58)
    - neighboring facets: f635 f435 f436
- f438
    - flags: bottom simplicial
    - normal:    0.3788  0.08237   0.9218
    - offset: -0.01332662
    - vertices: p830(v95) p968(v35) p490(v15)
    - neighboring facets: f246 f439 f575
- f439
    - flags: top simplicial
    - normal:    0.3737  0.08314   0.9238
    - offset: -0.01314895
    - vertices: p830(v95) p247(v71) p490(v15)
    - neighboring facets: f315 f438 f682
- f451
    - flags: bottom simplicial
    - normal:   -0.4993  -0.6504   0.5725
    - offset: -0.1608272
    - vertices: p138(v97) p527(v8) p921(v3)
    - neighboring facets: f59 f452 f453
- f452
    - flags: top simplicial
    - normal:   -0.5329  -0.3789   0.7566
    - offset: -0.1064987
    - vertices: p138(v97) p592(v72) p921(v3)
    - neighboring facets: f323 f451 f583
- f453
    - flags: bottom simplicial
    - normal:   -0.8631 -0.01835   0.5047
    - offset: -0.03544741
    - vertices: p138(v97) p489(v14) p527(v8)
    - neighboring facets: f364 f451 f588
- f455
    - flags: bottom simplicial
    - normal:    -0.356 -0.09044  -0.9301
    - offset: -0.05974099
    - vertices: p319(v98) p556(v23) p451(v11)
    - neighboring facets: f84 f590 f592
- f462
    - flags: top simplicial
    - normal:   -0.3896   0.1919  -0.9008
    - offset: -0.05888276
    - vertices: p104(v99) p744(v47) p990(v27)
    - neighboring facets: f342 f632 f463
- f463
    - flags: top simplicial
    - normal:   -0.3849   0.1453  -0.9114
    - offset: -0.0585861
    - vertices: p104(v99) p391(v75) p744(v47)
    - neighboring facets: f769 f462 f631
- f476
    - flags: top simplicial
    - normal:   -0.2119    0.274  -0.9381
    - offset: -0.05905113
    - vertices: p622(v102) p996(v76) p744(v47)
    - neighboring facets: f342 f477 f478
- f477
    - flags: bottom simplicial
    - normal:  -0.04666   0.1567  -0.9865
    - offset: -0.0566807
    - vertices: p622(v102) p798(v77) p744(v47)
    - neighboring facets: f772 f476 f724
- f478
    - flags: bottom simplicial
    - normal:   -0.1313    0.578  -0.8054
    - offset: -0.06156907
    - vertices: p622(v102) p996(v76) p650(v38)
    - neighboring facets: f608 f727 f476
- f485
    - flags: top simplicial
    - normal:    0.3488   0.2343  -0.9075
    - offset: -0.05973941
    - vertices: p308(v104) p282(v67) p928(v22)
    - neighboring facets: f515 f486 f763
- f486
    - flags: bottom simplicial
    - normal:    0.3408   0.4589  -0.8205
    - offset: -0.06162396
    - vertices: p308(v104) p125(v101) p928(v22)
    - neighboring facets: f621 f485 f624
- f491
    - flags: bottom simplicial
    - normal:   -0.9935   0.0718 -0.08794
    - offset: -0.04730563
    - vertices: p576(v105) p945(v78) p865(v0)
    - neighboring facets: f354 f494 f492
- f492
    - flags: top simplicial
    - normal:   -0.9603   0.2422  -0.1382
    - offset: -0.04819415
    - vertices: p576(v105) p945(v78) p590(v49)
    - neighboring facets: f508 f493 f491
- f493
    - flags: top simplicial
    - normal:   -0.9527   0.2916  -0.0856
    - offset: -0.04712792
    - vertices: p576(v105) p590(v49) p907(v46)
    - neighboring facets: f204 f495 f492
- f494
    - flags: top simplicial
    - normal:   -0.9816   0.1556   0.1103
    - offset: -0.04324715
    - vertices: p576(v105) p489(v14) p865(v0)
    - neighboring facets: f220 f491 f495
- f495
    - flags: top simplicial
    - normal:   -0.9537   0.2839  0.09944
    - offset: -0.04321438
    - vertices: p576(v105) p907(v46) p489(v14)
    - neighboring facets: f422 f494 f493
- f502
    - flags: bottom simplicial
    - normal:   -0.8762 -0.04721  -0.4797
    - offset: -0.05533644
    - vertices: p292(v107) p116(v51) p59(v50)
    - neighboring facets: f216 f503 f629
- f503
    - flags: top simplicial
    - normal:    -0.899 -0.002118  -0.4379
    - offset: -0.05483842
    - vertices: p292(v107) p945(v78) p59(v50)
    - neighboring facets: f355 f502 f508
- f508
    - flags: bottom simplicial
    - normal:   -0.9233   0.2527  -0.2892
    - offset: -0.05176972
    - vertices: p292(v107) p945(v78) p590(v49)
    - neighboring facets: f492 f509 f503
- f509
    - flags: top simplicial
    - normal:   -0.8452   0.3804  -0.3755
    - offset: -0.05381864
    - vertices: p292(v107) p212(v106) p590(v49)
    - neighboring facets: f709 f508 f634
- f512
    - flags: bottom simplicial
    - normal:    0.8632   0.1971  -0.4649
    - offset: -0.05511027
    - vertices: p335(v108) p58(v55) p188(v36)
    - neighboring facets: f242 f516 f735
- f515
    - flags: bottom simplicial
    - normal:    0.7183   0.2873  -0.6336
    - offset: -0.05814562
    - vertices: p335(v108) p282(v67) p928(v22)
    - neighboring facets: f485 f776 f516
- f516
    - flags: top simplicial
    - normal:    0.7204   0.2842  -0.6326
    - offset: -0.05811901
    - vertices: p335(v108) p282(v67) p188(v36)
    - neighboring facets: f551 f512 f515
- f517
    - flags: bottom simplicial
    - normal:    0.9599   0.2609   0.1027
    - offset: -0.04319899
    - vertices: p748(v109) p197(v86) p151(v57)
    - neighboring facets: f387 f519 f736
- f518
    - flags: bottom simplicial
    - normal:    0.9886   0.1027   0.1101
    - offset: -0.04306531
    - vertices: p748(v109) p98(v84) p850(v1)
    - neighboring facets: f380 f739 f519
- f519
    - flags: top simplicial
    - normal:    0.9807   0.1508   0.1241
    - offset: -0.04279454
    - vertices: p748(v109) p98(v84) p151(v57)
    - neighboring facets: f382 f517 f518
- f540
    - flags: bottom simplicial
    - normal:    0.6842   0.7186   0.1243
    - offset: -0.04158667
    - vertices: p252(v113) p917(v70) p27(v58)
    - neighboring facets: f435 f636 f749
- f543
    - flags: bottom simplicial
    - normal:    0.1014 -0.07446  -0.9921
    - offset: -0.05724686
    - vertices: p659(v114) p484(v24) p242(v13)
    - neighboring facets: f287 f544 f788
- f544
    - flags: top simplicial
    - normal:   0.05718 -0.07376  -0.9956
    - offset: -0.05685673
    - vertices: p659(v114) p710(v89) p242(v13)
    - neighboring facets: f548 f543 f702
- f548
    - flags: bottom simplicial
    - normal:   0.01565 -0.07468  -0.9971
    - offset: -0.05675862
    - vertices: p646(v115) p710(v89) p242(v13)
    - neighboring facets: f544 f652 f657
- f550
    - flags: top simplicial
    - normal:    0.7897   0.1142  -0.6027
    - offset: -0.05684118
    - vertices: p841(v116) p730(v56) p188(v36)
    - neighboring facets: f242 f551 f552
- f551
    - flags: bottom simplicial
    - normal:    0.7631   0.1497  -0.6287
    - offset: -0.05747827
    - vertices: p841(v116) p282(v67) p188(v36)
    - neighboring facets: f516 f550 f762
- f552
    - flags: bottom simplicial
    - normal:    0.7198  0.02274  -0.6938
    - offset: -0.05873937
    - vertices: p841(v116) p730(v56) p199(v12)
    - neighboring facets: f239 f553 f550
- f553
    - flags: top simplicial
    - normal:    0.6094 -0.008012  -0.7928
    - offset:  -0.060034
    - vertices: p841(v116) p601(v90) p199(v12)
    - neighboring facets: f408 f552 f783
- f570
    - flags: bottom simplicial
    - normal:   -0.5976   0.7638    0.244
    - offset: -0.04015713
    - vertices: p617(v118) p315(v92) p221(v69)
    - neighboring facets: f429 f722 f673
- f571
    - flags: bottom simplicial
    - normal:    0.5623 -0.01286   0.8269
    - offset: -0.03220345
    - vertices: p140(v119) p550(v81) p560(v54)
    - neighboring facets: f369 f573 f572
- f572
    - flags: bottom simplicial
    - normal:    0.4525 0.0009347   0.8918
    - offset: -0.02896627
    - vertices: p140(v119) p830(v95) p550(v81)
    - neighboring facets: f680 f571 f575
- f573
    - flags: top simplicial
    - normal:    0.6301  0.01771   0.7763
    - offset: -0.02638114
    - vertices: p140(v119) p100(v82) p560(v54)
    - neighboring facets: f373 f571 f574
- f574
    - flags: bottom simplicial
    - normal:    0.6301  0.02475   0.7761
    - offset: -0.0250105
    - vertices: p140(v119) p100(v82) p968(v35)
    - neighboring facets: f372 f575 f573
- f575
    - flags: top simplicial
    - normal:    0.5542  0.04234   0.8313
    - offset: -0.02144756
    - vertices: p140(v119) p830(v95) p968(v35)
    - neighboring facets: f438 f574 f572
- f578
    - flags: top simplicial
    - normal:    0.3126  -0.1203   0.9422
    - offset: -0.05316119
    - vertices: p854(v120) p550(v81) p191(v53)
    - neighboring facets: f368 f579 f681
- f579
    - flags: top simplicial
    - normal:    0.1832 -0.03742   0.9824
    - offset: -0.03562735
    - vertices: p854(v120) p191(v53) p921(v3)
    - neighboring facets: f223 f580 f578
- f580
    - flags: bottom simplicial
    - normal:     0.163 -0.01626   0.9865
    - offset: -0.03115567
    - vertices: p854(v120) p247(v71) p921(v3)
    - neighboring facets: f433 f579 f683
- f581
    - flags: bottom simplicial
    - normal:   -0.5494 -0.02083   0.8353
    - offset: -0.03290279
    - vertices: p932(v121) p592(v72) p327(v45)
    - neighboring facets: f324 f585 f583
- f583
    - flags: bottom simplicial
    - normal:   -0.6119 -0.04671   0.7896
    - offset: -0.03837384
    - vertices: p932(v121) p138(v97) p592(v72)
    - neighboring facets: f452 f581 f586
- f584
    - flags: top simplicial
    - normal:   -0.6404  0.01163   0.7679
    - offset: -0.02665029
    - vertices: p554(v122) p760(v73) p327(v45)
    - neighboring facets: f326 f585 f587
- f585
    - flags: bottom simplicial
    - normal:   -0.6153 -0.002503   0.7883
    - offset: -0.02936692
    - vertices: p554(v122) p932(v121) p327(v45)
    - neighboring facets: f581 f584 f586
- f586
    - flags: top simplicial
    - normal:   -0.6246 -0.02437   0.7805
    - offset: -0.0338471
    - vertices: p554(v122) p932(v121) p138(v97)
    - neighboring facets: f583 f588 f585
- f587
    - flags: bottom simplicial
    - normal:   -0.6557  0.01476   0.7548
    - offset: -0.02609144
    - vertices: p554(v122) p760(v73) p489(v14)
    - neighboring facets: f326 f588 f584
- f588
    - flags: top simplicial
    - normal:   -0.6607  0.01381   0.7506
    - offset: -0.02630693
    - vertices: p554(v122) p138(v97) p489(v14)
    - neighboring facets: f453 f587 f586
- f589
    - flags: top simplicial
    - normal:   -0.4314 -0.01752   -0.902
    - offset: -0.05944859
    - vertices: p441(v123) p391(v75) p451(v11)
    - neighboring facets: f630 f590 f684
- f590
    - flags: bottom simplicial
    - normal:   -0.3589 -0.07835  -0.9301
    - offset: -0.05960259
    - vertices: p441(v123) p319(v98) p451(v11)
    - neighboring facets: f455 f589 f685
- f592
    - flags: top simplicial
    - normal:   -0.2074 -0.08446  -0.9746
    - offset: -0.05844954
    - vertices: p879(v124) p319(v98) p556(v23)
    - neighboring facets: f455 f593 f688
- f593
    - flags: bottom simplicial
    - normal:   -0.1832  -0.0838  -0.9795
    - offset: -0.05821359
    - vertices: p879(v124) p360(v62) p556(v23)
    - neighboring facets: f273 f592 f594
- f594
    - flags: top simplicial
    - normal:   -0.1442 -0.08086  -0.9862
    - offset: -0.05771698
    - vertices: p879(v124) p360(v62) p501(v41)
    - neighboring facets: f655 f692 f593
- f606
    - flags: bottom simplicial
    - normal:   -0.2461    0.933  -0.2627
    - offset: -0.05259671
    - vertices: p325(v126) p637(v60) p650(v38)
    - neighboring facets: f650 f608 f712
- f608
    - flags: top simplicial
    - normal:   -0.2248   0.7114  -0.6659
    - offset: -0.06113334
    - vertices: p325(v126) p996(v76) p650(v38)
    - neighboring facets: f478 f606 f707
- f619
    - flags: bottom simplicial
    - normal:    0.2984   0.9239  -0.2394
    - offset: -0.0528333
    - vertices: p762(v128) p988(v111) p251(v88)
    - neighboring facets: f642 f743 f733
- f621
    - flags: top simplicial
    - normal:    0.4251   0.6115  -0.6674
    - offset: -0.06082724
    - vertices: p762(v128) p125(v101) p928(v22)
    - neighboring facets: f486 f742 f729
- f624
    - flags: top simplicial
    - normal:    0.1763   0.3889  -0.9043
    - offset: -0.06096822
    - vertices: p676(v129) p308(v104) p125(v101)
    - neighboring facets: f486 f730 f726
- f628
    - flags: top simplicial
    - normal:   -0.6971 -0.03555  -0.7161
    - offset: -0.05945263
    - vertices: p88(v130) p116(v51) p451(v11)
    - neighboring facets: f213 f630 f629
- f629
    - flags: top simplicial
    - normal:   -0.8026 -0.03497  -0.5955
    - offset: -0.05770704
    - vertices: p88(v130) p292(v107) p116(v51)
    - neighboring facets: f502 f628 f634
- f630
    - flags: bottom simplicial
    - normal:   -0.4827 0.009117  -0.8758
    - offset: -0.05934202
    - vertices: p88(v130) p391(v75) p451(v11)
    - neighboring facets: f589 f628 f631
- f631
    - flags: bottom simplicial
    - normal:   -0.3937   0.1438  -0.9079
    - offset: -0.05862627
    - vertices: p88(v130) p104(v99) p391(v75)
    - neighboring facets: f463 f630 f632
- f632
    - flags: top simplicial
    - normal:   -0.4143   0.1799  -0.8922
    - offset: -0.05894476
    - vertices: p88(v130) p104(v99) p990(v27)
    - neighboring facets: f462 f633 f631
- f633
    - flags: bottom simplicial
    - normal:   -0.5567   0.2245  -0.7998
    - offset: -0.06025975
    - vertices: p88(v130) p212(v106) p990(v27)
    - neighboring facets: f705 f632 f634
- f634
    - flags: bottom simplicial
    - normal:    -0.662   0.2526  -0.7057
    - offset: -0.05997603
    - vertices: p88(v130) p292(v107) p212(v106)
    - neighboring facets: f509 f633 f629
- f635
    - flags: top simplicial
    - normal:    0.8898   0.4511 -0.06888
    - offset: -0.04696016
    - vertices: p545(v131) p197(v86) p27(v58)
    - neighboring facets: f437 f636 f737
- f636
    - flags: bottom simplicial
    - normal:    0.7402   0.6709 -0.04466
    - offset: -0.04600551
    - vertices: p545(v131) p252(v113) p27(v58)
    - neighboring facets: f540 f635 f778
- f642
    - flags: top simplicial
    - normal:    0.3209   0.9443 -0.07264
    - offset: -0.04764573
    - vertices: p875(v132) p988(v111) p251(v88)
    - neighboring facets: f619 f644 f754
- f644
    - flags: bottom simplicial
    - normal:    0.4542   0.8909 0.0005491
    - offset: -0.04495212
    - vertices: p875(v132) p252(v113) p251(v88)
    - neighboring facets: f740 f642 f747
- f647
    - flags: bottom simplicial
    - normal:   0.01978   0.9998 0.003676
    - offset: -0.04539727
    - vertices: p852(v133) p552(v110) p5(v87)
    - neighboring facets: f720 f755 f649
- f649
    - flags: top simplicial
    - normal:  -0.05855   0.9957 -0.07177
    - offset: -0.04730605
    - vertices: p852(v133) p552(v110) p637(v60)
    - neighboring facets: f717 f650 f647
- f650
    - flags: top simplicial
    - normal:  -0.05496   0.9907  -0.1243
    - offset: -0.04875337
    - vertices: p852(v133) p637(v60) p650(v38)
    - neighboring facets: f606 f651 f649
- f651
    - flags: bottom simplicial
    - normal:   0.00423   0.9897  -0.1429
    - offset: -0.04951328
    - vertices: p852(v133) p988(v111) p650(v38)
    - neighboring facets: f732 f650 f756
- f652
    - flags: bottom simplicial
    - normal:  -0.002942 -0.07544  -0.9971
    - offset: -0.05676816
    - vertices: p759(v134) p646(v115) p242(v13)
    - neighboring facets: f548 f654 f661
- f654
    - flags: top simplicial
    - normal:  -0.02978 -0.07699  -0.9966
    - offset: -0.05685453
    - vertices: p759(v134) p360(v62) p242(v13)
    - neighboring facets: f273 f652 f655
- f655
    - flags: bottom simplicial
    - normal:  -0.07983 -0.07636  -0.9939
    - offset: -0.05682804
    - vertices: p759(v134) p360(v62) p501(v41)
    - neighboring facets: f594 f656 f654
- f656
    - flags: top simplicial
    - normal:  -0.08182 -0.07238   -0.994
    - offset: -0.05673215
    - vertices: p759(v134) p217(v63) p501(v41)
    - neighboring facets: f691 f655 f660
- f657
    - flags: top simplicial
    - normal:   0.01278 -0.07182  -0.9973
    - offset: -0.0566992
    - vertices: p51(v135) p646(v115) p710(v89)
    - neighboring facets: f548 f659 f661
- f659
    - flags: bottom simplicial
    - normal:   0.00957 -0.03439  -0.9994
    - offset: -0.05601603
    - vertices: p51(v135) p431(v125) p710(v89)
    - neighboring facets: f703 f657 f694
- f660
    - flags: bottom simplicial
    - normal:  -0.006702 -0.07105  -0.9975
    - offset: -0.05667508
    - vertices: p51(v135) p759(v134) p217(v63)
    - neighboring facets: f656 f693 f661
- f661
    - flags: top simplicial
    - normal:  -0.005711 -0.07161  -0.9974
    - offset: -0.05668578
    - vertices: p51(v135) p759(v134) p646(v115)
    - neighboring facets: f652 f657 f660
- f663
    - flags: bottom simplicial
    - normal:    0.2211 -0.06621   -0.973
    - offset: -0.05817904
    - vertices: p836(v136) p703(v66) p484(v24)
    - neighboring facets: f287 f787 f664
- f664
    - flags: top simplicial
    - normal:    0.2492 -0.06231  -0.9664
    - offset: -0.05846296
    - vertices: p836(v136) p703(v66) p332(v42)
    - neighboring facets: f288 f782 f663
- f667
    - flags: top simplicial
    - normal:  0.008675   0.1221  -0.9925
    - offset: -0.05602891
    - vertices: p876(v137) p798(v77) p122(v6)
    - neighboring facets: f771 f699 f669
- f669
    - flags: top simplicial
    - normal:   0.09109   0.1618  -0.9826
    - offset: -0.05690493
    - vertices: p876(v137) p308(v104) p798(v77)
    - neighboring facets: f725 f667 f764
- f672
    - flags: bottom simplicial
    - normal:   -0.7595   0.6472  0.06542
    - offset: -0.04294858
    - vertices: p753(v138) p617(v118) p855(v26)
    - neighboring facets: f674 f767 f673
- f673
    - flags: top simplicial
    - normal:   -0.7325   0.6685   0.1285
    - offset: -0.04203648
    - vertices: p753(v138) p617(v118) p315(v92)
    - neighboring facets: f570 f768 f672
- f674
    - flags: top simplicial
    - normal:   -0.7447   0.6674 -0.002702
    - offset: -0.04434814
    - vertices: p735(v139) p617(v118) p855(v26)
    - neighboring facets: f672 f675 f716
- f675
    - flags: bottom simplicial
    - normal:   -0.7842   0.6095  -0.1166
    - offset: -0.04734427
    - vertices: p735(v139) p590(v49) p855(v26)
    - neighboring facets: f204 f674 f710
- f680
    - flags: top simplicial
    - normal:    0.4512 0.0008689   0.8924
    - offset: -0.02897311
    - vertices: p567(v140) p830(v95) p550(v81)
    - neighboring facets: f572 f681 f682
- f681
    - flags: bottom simplicial
    - normal:    0.4298 -0.008225   0.9029
    - offset: -0.03075971
    - vertices: p567(v140) p854(v120) p550(v81)
    - neighboring facets: f578 f680 f683
- f682
    - flags: bottom simplicial
    - normal:    0.3413  0.03661   0.9393
    - offset: -0.02165837
    - vertices: p567(v140) p830(v95) p247(v71)
    - neighboring facets: f439 f683 f680
- f683
    - flags: top simplicial
    - normal:     0.253  0.00542   0.9674
    - offset: -0.02738815
    - vertices: p567(v140) p854(v120) p247(v71)
    - neighboring facets: f580 f682 f681
- f684
    - flags: bottom simplicial
    - normal:    -0.313 -0.03078  -0.9493
    - offset: -0.05893176
    - vertices: p913(v141) p441(v123) p391(v75)
    - neighboring facets: f589 f690 f685
- f685
    - flags: top simplicial
    - normal:   -0.2831  -0.0499  -0.9578
    - offset: -0.05877542
    - vertices: p913(v141) p441(v123) p319(v98)
    - neighboring facets: f590 f689 f684
- f688
    - flags: bottom simplicial
    - normal:   -0.1169 -0.05275  -0.9917
    - offset: -0.05664936
    - vertices: p978(v142) p879(v124) p319(v98)
    - neighboring facets: f592 f689 f692
- f689
    - flags: top simplicial
    - normal:   -0.1292 -0.02842  -0.9912
    - offset: -0.05649916
    - vertices: p978(v142) p913(v141) p319(v98)
    - neighboring facets: f685 f688 f690
- f690
    - flags: bottom simplicial
    - normal:   -0.1281 -0.01701  -0.9916
    - offset: -0.05640728
    - vertices: p978(v142) p913(v141) p391(v75)
    - neighboring facets: f684 f770 f689
- f691
    - flags: bottom simplicial
    - normal:  -0.08427 -0.06874  -0.9941
    - offset: -0.05665172
    - vertices: p978(v142) p217(v63) p501(v41)
    - neighboring facets: f656 f692 f693
- f692
    - flags: top simplicial
    - normal:  -0.09771 -0.06378  -0.9932
    - offset:  -0.056669
    - vertices: p978(v142) p879(v124) p501(v41)
    - neighboring facets: f594 f691 f688
- f693
    - flags: bottom simplicial
    - normal:  -0.02911 -0.04921  -0.9984
    - offset: -0.05624664
    - vertices: p978(v142) p51(v135) p217(v63)
    - neighboring facets: f660 f691 f694
- f694
    - flags: top simplicial
    - normal:   -0.0221 -0.04387  -0.9988
    - offset: -0.05616228
    - vertices: p978(v142) p51(v135) p431(v125)
    - neighboring facets: f659 f774 f693
- f698
    - flags: bottom simplicial
    - normal:  0.002657 0.002448       -1
    - offset: -0.05586242
    - vertices: p994(v143) p431(v125) p122(v6)
    - neighboring facets: f773 f699 f703
- f699
    - flags: top simplicial
    - normal:   0.03979   0.0239  -0.9989
    - offset: -0.05589472
    - vertices: p994(v143) p876(v137) p122(v6)
    - neighboring facets: f667 f698 f700
- f700
    - flags: bottom simplicial
    - normal:   0.05191    0.015  -0.9985
    - offset: -0.05594889
    - vertices: p994(v143) p876(v137) p566(v117)
    - neighboring facets: f765 f701 f699
- f701
    - flags: bottom simplicial
    - normal:   0.06835 -0.01795  -0.9975
    - offset: -0.05605298
    - vertices: p994(v143) p566(v117) p659(v114)
    - neighboring facets: f789 f702 f700
- f702
    - flags: bottom simplicial
    - normal:   0.04664 -0.03002  -0.9985
    - offset: -0.05605141
    - vertices: p994(v143) p659(v114) p710(v89)
    - neighboring facets: f544 f703 f701
- f703
    - flags: top simplicial
    - normal:   0.01522 -0.03114  -0.9994
    - offset: -0.05597716
    - vertices: p994(v143) p431(v125) p710(v89)
    - neighboring facets: f659 f702 f698
- f704
    - flags: top simplicial
    - normal:   -0.6223   0.6997   -0.351
    - offset: -0.0545795
    - vertices: p177(v144) p325(v126) p243(v100)
    - neighboring facets: f713 f708 f707
- f705
    - flags: top simplicial
    - normal:   -0.6489   0.4393  -0.6213
    - offset: -0.06042288
    - vertices: p177(v144) p212(v106) p990(v27)
    - neighboring facets: f633 f706 f709
- f706
    - flags: bottom simplicial
    - normal:   -0.4641   0.4749  -0.7477
    - offset: -0.06144191
    - vertices: p177(v144) p996(v76) p990(v27)
    - neighboring facets: f342 f705 f707
- f707
    - flags: bottom simplicial
    - normal:   -0.5033   0.6154  -0.6066
    - offset: -0.06015724
    - vertices: p177(v144) p325(v126) p996(v76)
    - neighboring facets: f608 f706 f704
- f708
    - flags: bottom simplicial
    - normal:   -0.7334   0.6365  -0.2388
    - offset: -0.0511674
    - vertices: p177(v144) p735(v139) p243(v100)
    - neighboring facets: f714 f704 f710
- f709
    - flags: bottom simplicial
    - normal:   -0.8365   0.4206  -0.3513
    - offset: -0.05345061
    - vertices: p177(v144) p212(v106) p590(v49)
    - neighboring facets: f509 f710 f705
- f710
    - flags: top simplicial
    - normal:   -0.7804   0.5948  -0.1929
    - offset: -0.04937537
    - vertices: p177(v144) p735(v139) p590(v49)
    - neighboring facets: f675 f709 f708
- f711
    - flags: bottom simplicial
    - normal:   -0.3978   0.9162 -0.04793
    - offset: -0.04640936
    - vertices: p461(v145) p211(v127) p637(v60)
    - neighboring facets: f718 f712 f715
- f712
    - flags: top simplicial
    - normal:   -0.3859   0.9122   -0.138
    - offset: -0.04903324
    - vertices: p461(v145) p325(v126) p637(v60)
    - neighboring facets: f606 f711 f713
- f713
    - flags: bottom simplicial
    - normal:   -0.5371   0.8129  -0.2255
    - offset: -0.05187917
    - vertices: p461(v145) p325(v126) p243(v100)
    - neighboring facets: f704 f714 f712
- f714
    - flags: top simplicial
    - normal:   -0.6299   0.7711 -0.09261
    - offset: -0.04801263
    - vertices: p461(v145) p735(v139) p243(v100)
    - neighboring facets: f708 f713 f716
- f715
    - flags: top simplicial
    - normal:   -0.6271   0.7789 -0.009671
    - offset: -0.04541664
    - vertices: p461(v145) p211(v127) p617(v118)
    - neighboring facets: f723 f716 f711
- f716
    - flags: bottom simplicial
    - normal:   -0.6442   0.7647 -0.01303
    - offset: -0.04540492
    - vertices: p461(v145) p735(v139) p617(v118)
    - neighboring facets: f674 f715 f714
- f717
    - flags: bottom simplicial
    - normal:   -0.2751    0.959  0.06805
    - offset: -0.04331621
    - vertices: p320(v146) p552(v110) p637(v60)
    - neighboring facets: f649 f718 f720
- f718
    - flags: top simplicial
    - normal:   -0.2921   0.9542  0.06478
    - offset: -0.04337894
    - vertices: p320(v146) p211(v127) p637(v60)
    - neighboring facets: f711 f717 f723
- f719
    - flags: top simplicial
    - normal:  -0.04641   0.9697     0.24
    - offset: -0.03944501
    - vertices: p320(v146) p5(v87) p497(v7)
    - neighboring facets: f393 f721 f720
- f720
    - flags: top simplicial
    - normal:  -0.07614   0.9792    0.188
    - offset: -0.04058391
    - vertices: p320(v146) p552(v110) p5(v87)
    - neighboring facets: f647 f719 f717
- f721
    - flags: bottom simplicial
    - normal:   -0.2572    0.716    0.649
    - offset: -0.02941572
    - vertices: p320(v146) p221(v69) p497(v7)
    - neighboring facets: f426 f719 f722
- f722
    - flags: bottom simplicial
    - normal:   -0.5019   0.8325   0.2346
    - offset: -0.04027829
    - vertices: p320(v146) p617(v118) p221(v69)
    - neighboring facets: f570 f721 f723
- f723
    - flags: bottom simplicial
    - normal:   -0.4866    0.849   0.2058
    - offset: -0.04092307
    - vertices: p320(v146) p211(v127) p617(v118)
    - neighboring facets: f715 f722 f718
- f724
    - flags: top simplicial
    - normal:  -0.008737   0.3319  -0.9433
    - offset: -0.05991049
    - vertices: p265(v147) p622(v102) p798(v77)
    - neighboring facets: f477 f725 f727
- f725
    - flags: bottom simplicial
    - normal:    0.1064   0.2985  -0.9485
    - offset: -0.05937836
    - vertices: p265(v147) p308(v104) p798(v77)
    - neighboring facets: f669 f724 f726
- f726
    - flags: bottom simplicial
    - normal:    0.1144   0.3193  -0.9407
    - offset: -0.05972483
    - vertices: p265(v147) p676(v129) p308(v104)
    - neighboring facets: f624 f725 f728
- f727
    - flags: bottom simplicial
    - normal:  -0.06299   0.5561  -0.8287
    - offset: -0.06162847
    - vertices: p265(v147) p622(v102) p650(v38)
    - neighboring facets: f478 f728 f724
- f728
    - flags: top simplicial
    - normal:  -0.05896   0.5574  -0.8282
    - offset: -0.06165638
    - vertices: p265(v147) p676(v129) p650(v38)
    - neighboring facets: f731 f727 f726
- f729
    - flags: bottom simplicial
    - normal:      0.19   0.7103  -0.6778
    - offset: -0.06181601
    - vertices: p398(v148) p762(v128) p125(v101)
    - neighboring facets: f621 f730 f733
- f730
    - flags: top simplicial
    - normal:    0.1775   0.7024  -0.6893
    - offset: -0.06192528
    - vertices: p398(v148) p676(v129) p125(v101)
    - neighboring facets: f624 f729 f731
- f731
    - flags: bottom simplicial
    - normal:     0.113   0.6932  -0.7118
    - offset: -0.06221634
    - vertices: p398(v148) p676(v129) p650(v38)
    - neighboring facets: f728 f732 f730
- f732
    - flags: top simplicial
    - normal:   0.06011   0.9753  -0.2125
    - offset: -0.0519944
    - vertices: p398(v148) p988(v111) p650(v38)
    - neighboring facets: f651 f731 f733
- f733
    - flags: top simplicial
    - normal:    0.2295   0.9242  -0.3052
    - offset: -0.05471868
    - vertices: p398(v148) p762(v128) p988(v111)
    - neighboring facets: f619 f732 f729
- f734
    - flags: top simplicial
    - normal:    0.9227   0.3632  -0.1289
    - offset: -0.04801066
    - vertices: p707(v149) p545(v131) p335(v108)
    - neighboring facets: f775 f735 f737
- f735
    - flags: top simplicial
    - normal:    0.9344   0.2963  -0.1978
    - offset: -0.04964612
    - vertices: p707(v149) p335(v108) p58(v55)
    - neighboring facets: f512 f738 f734
- f736
    - flags: top simplicial
    - normal:    0.9551    0.296   0.0154
    - offset: -0.04515625
    - vertices: p707(v149) p748(v109) p197(v86)
    - neighboring facets: f517 f737 f739
- f737
    - flags: bottom simplicial
    - normal:    0.9205   0.3784 -0.09746
    - offset: -0.04725514
    - vertices: p707(v149) p545(v131) p197(v86)
    - neighboring facets: f635 f736 f734
- f738
    - flags: top simplicial
    - normal:    0.9925  0.06931  -0.1008
    - offset: -0.04763345
    - vertices: p707(v149) p58(v55) p850(v1)
    - neighboring facets: f235 f739 f735
- f739
    - flags: bottom simplicial
    - normal:    0.9939  0.08262 -0.07276
    - offset: -0.04711243
    - vertices: p707(v149) p748(v109) p850(v1)
    - neighboring facets: f518 f738 f736
- f740
    - flags: top simplicial
    - normal:    0.6299   0.7451  -0.2192
    - offset: -0.05046444
    - vertices: p807(v150) p252(v113) p251(v88)
    - neighboring facets: f644 f743 f779
- f742
    - flags: top simplicial
    - normal:    0.5987   0.6948  -0.3985
    - offset: -0.05496614
    - vertices: p807(v150) p762(v128) p928(v22)
    - neighboring facets: f621 f777 f743
- f743
    - flags: bottom simplicial
    - normal:    0.5973   0.7168  -0.3598
    - offset: -0.05413607
    - vertices: p807(v150) p762(v128) p251(v88)
    - neighboring facets: f619 f740 f742
- f747
    - flags: top simplicial
    - normal:    0.4541    0.891 0.002245
    - offset: -0.04490472
    - vertices: p302(v151) p875(v132) p252(v113)
    - neighboring facets: f644 f749 f752
- f748
    - flags: top simplicial
    - normal:    0.3837   0.9166   0.1123
    - offset: -0.04313638
    - vertices: p302(v151) p917(v70) p260(v61)
    - neighboring facets: f394 f751 f749
- f749
    - flags: top simplicial
    - normal:    0.4781   0.8768   0.0511
    - offset: -0.04371086
    - vertices: p302(v151) p252(v113) p917(v70)
    - neighboring facets: f540 f748 f747
- f750
    - flags: bottom simplicial
    - normal:    0.2054    0.974  0.09601
    - offset: -0.04388266
    - vertices: p344(v152) p5(v87) p260(v61)
    - neighboring facets: f394 f751 f757
- f751
    - flags: top simplicial
    - normal:    0.2915   0.9561  0.02999
    - offset: -0.04516831
    - vertices: p344(v152) p302(v151) p260(v61)
    - neighboring facets: f748 f750 f752
- f752
    - flags: bottom simplicial
    - normal:    0.2993   0.9541 0.000505
    - offset: -0.04571598
    - vertices: p344(v152) p302(v151) p875(v132)
    - neighboring facets: f747 f754 f751
- f754
    - flags: bottom simplicial
    - normal:    0.2243   0.9741 -0.02766
    - offset: -0.04641886
    - vertices: p344(v152) p875(v132) p988(v111)
    - neighboring facets: f642 f758 f752
- f755
    - flags: bottom simplicial
    - normal:   0.08506   0.9963   -0.011
    - offset: -0.04594336
    - vertices: p555(v153) p852(v133) p5(v87)
    - neighboring facets: f647 f757 f756
- f756
    - flags: top simplicial
    - normal:    0.1392   0.9898 -0.02931
    - offset: -0.04642638
    - vertices: p555(v153) p852(v133) p988(v111)
    - neighboring facets: f651 f758 f755
- f757
    - flags: top simplicial
    - normal:    0.1506   0.9885 -0.01437
    - offset: -0.04609654
    - vertices: p555(v153) p344(v152) p5(v87)
    - neighboring facets: f750 f755 f758
- f758
    - flags: bottom simplicial
    - normal:    0.1643   0.9861  -0.0252
    - offset: -0.04632701
    - vertices: p555(v153) p344(v152) p988(v111)
    - neighboring facets: f754 f756 f757
- f762
    - flags: top simplicial
    - normal:    0.3282   0.0962  -0.9397
    - offset: -0.05890285
    - vertices: p467(v154) p841(v116) p282(v67)
    - neighboring facets: f551 f763 f784
- f763
    - flags: bottom simplicial
    - normal:    0.2755   0.1699  -0.9462
    - offset: -0.0585585
    - vertices: p467(v154) p308(v104) p282(v67)
    - neighboring facets: f485 f762 f764
- f764
    - flags: bottom simplicial
    - normal:    0.1624   0.1427  -0.9764
    - offset: -0.05730405
    - vertices: p467(v154) p876(v137) p308(v104)
    - neighboring facets: f669 f763 f765
- f765
    - flags: top simplicial
    - normal:    0.1558  0.09018  -0.9837
    - offset: -0.05714657
    - vertices: p467(v154) p876(v137) p566(v117)
    - neighboring facets: f700 f785 f764
- f766
    - flags: top simplicial
    - normal:   -0.7874   0.6054   0.1158
    - offset: -0.04203053
    - vertices: p777(v155) p315(v92) p855(v26)
    - neighboring facets: f419 f767 f768
- f767
    - flags: bottom simplicial
    - normal:   -0.7771    0.621   0.1028
    - offset: -0.04224277
    - vertices: p777(v155) p753(v138) p855(v26)
    - neighboring facets: f672 f766 f768
- f768
    - flags: top simplicial
    - normal:   -0.7778   0.6188   0.1097
    - offset: -0.04211868
    - vertices: p777(v155) p753(v138) p315(v92)
    - neighboring facets: f673 f766 f767
- f769
    - flags: bottom simplicial
    - normal:   -0.1818  0.05674  -0.9817
    - offset: -0.05718788
    - vertices: p123(v156) p391(v75) p744(v47)
    - neighboring facets: f463 f772 f770
- f770
    - flags: bottom simplicial
    - normal:   -0.1258 -0.01194   -0.992
    - offset: -0.05636161
    - vertices: p123(v156) p978(v142) p391(v75)
    - neighboring facets: f690 f769 f774
- f771
    - flags: bottom simplicial
    - normal:  -0.01434   0.1241  -0.9922
    - offset: -0.05602942
    - vertices: p123(v156) p798(v77) p122(v6)
    - neighboring facets: f667 f773 f772
- f772
    - flags: top simplicial
    - normal:  -0.03268   0.1371    -0.99
    - offset: -0.05628283
    - vertices: p123(v156) p798(v77) p744(v47)
    - neighboring facets: f477 f769 f771
- f773
    - flags: top simplicial
    - normal:  -0.04582  0.01825  -0.9988
    - offset: -0.05588993
    - vertices: p123(v156) p431(v125) p122(v6)
    - neighboring facets: f698 f771 f774
- f774
    - flags: top simplicial
    - normal:  -0.06057 0.008156  -0.9981
    - offset: -0.0559697
    - vertices: p123(v156) p978(v142) p431(v125)
    - neighboring facets: f694 f773 f770
- f775
    - flags: bottom simplicial
    - normal:     0.902   0.4042  -0.1518
    - offset: -0.04901338
    - vertices: p248(v157) p545(v131) p335(v108)
    - neighboring facets: f734 f776 f778
- f776
    - flags: bottom simplicial
    - normal:    0.7137   0.4925  -0.4982
    - offset: -0.05724145
    - vertices: p248(v157) p335(v108) p928(v22)
    - neighboring facets: f515 f777 f775
- f777
    - flags: top simplicial
    - normal:    0.6509   0.6575  -0.3795
    - offset: -0.05443515
    - vertices: p248(v157) p807(v150) p928(v22)
    - neighboring facets: f742 f776 f779
- f778
    - flags: top simplicial
    - normal:    0.6953   0.6976  -0.1731
    - offset: -0.04926269
    - vertices: p248(v157) p545(v131) p252(v113)
    - neighboring facets: f636 f779 f775
- f779
    - flags: bottom simplicial
    - normal:    0.6732   0.7096  -0.2078
    - offset: -0.05004686
    - vertices: p248(v157) p807(v150) p252(v113)
    - neighboring facets: f740 f778 f777
- f780
    - flags: top simplicial
    - normal:    0.2698  0.01261  -0.9628
    - offset: -0.05813854
    - vertices: p610(v158) p467(v154) p836(v136)
    - neighboring facets: f786 f782 f784
- f781
    - flags: bottom simplicial
    - normal:    0.3385 -0.01688  -0.9408
    - offset: -0.05901502
    - vertices: p610(v158) p601(v90) p332(v42)
    - neighboring facets: f408 f782 f783
- f782
    - flags: top simplicial
    - normal:    0.3052 -0.01261  -0.9522
    - offset: -0.05861723
    - vertices: p610(v158) p836(v136) p332(v42)
    - neighboring facets: f664 f781 f780
- f783
    - flags: bottom simplicial
    - normal:    0.3569   0.0426  -0.9332
    - offset: -0.05923125
    - vertices: p610(v158) p841(v116) p601(v90)
    - neighboring facets: f553 f781 f784
- f784
    - flags: bottom simplicial
    - normal:     0.322  0.06827  -0.9443
    - offset: -0.05879248
    - vertices: p610(v158) p467(v154) p841(v116)
    - neighboring facets: f762 f783 f780
- f785
    - flags: top simplicial
    - normal:    0.1841  0.04158   -0.982
    - offset: -0.05736314
    - vertices: p435(v159) p467(v154) p566(v117)
    - neighboring facets: f765 f789 f786
- f786
    - flags: bottom simplicial
    - normal:    0.2523  0.01246  -0.9676
    - offset: -0.05797839
    - vertices: p435(v159) p467(v154) p836(v136)
    - neighboring facets: f780 f787 f785
- f787
    - flags: bottom simplicial
    - normal:    0.1562  -0.0337  -0.9871
    - offset: -0.0571281
    - vertices: p435(v159) p836(v136) p484(v24)
    - neighboring facets: f663 f788 f786
- f788
    - flags: top simplicial
    - normal:    0.1159 -0.02872  -0.9928
    - offset: -0.05661714
    - vertices: p435(v159) p659(v114) p484(v24)
    - neighboring facets: f543 f787 f789
- f789
    - flags: top simplicial
    - normal:    0.1051 -0.02434  -0.9942
    - offset:  -0.056467
    - vertices: p435(v159) p566(v117) p659(v114)
    - neighboring facets: f701 f788 f785
